1712246894.618426 5669.27
1712246901.378823 3930.184
1712246911.837573 19.278
1712246918.629121 18.987000000000002
1712246925.630532 17.746000000000002
1712246932.566328 18.426000000000002
1712246939.425996 17.45
1712246946.257483 18.307
1712246953.092175 17.781000000000002
1712246960.049029 19.111
1712246966.936235 19.567999999999998
1712246973.744506 17.56
1712246980.565161 25.228
1712246987.43564 24.518
1712246994.309113 19.273
1712247001.321474 22.796
1712247008.342818 19.335
1712247015.355365 17.983
1712247022.247528 18.964000000000002
1712247029.37471 18.665000000000003
1712247036.278285 18.048000000000002
1712247043.284748 18.224
1712247050.142258 17.555999999999997
1712247057.127911 19.355
1712247065.673921 17.846999999999998
1712247072.518704 17.826
1712247079.490354 18.988999999999997
1712247086.290116 17.784000000000002
1712247093.203773 18.105
1712247100.180871 22.729
1712247106.88125 18.027
1712247114.003725 19.407
1712247120.80834 36.577
1712247127.497437 17.955
1712247134.172132 19.456
1712247141.065146 17.878
1712247147.923234 26.574
1712247154.803872 18.414
1712247161.66486 18.55
1712247168.515673 18.436999999999998
1712247175.475314 17.781000000000002
1712247182.525316 19.459
1712247189.411885 40.932
1712247196.215776 18.326999999999998
1712247203.085763 18.533
1712247209.982085 17.464
1712247216.96927 17.869
1712247223.980683 18.448
1712247230.913528 19.455
1712247237.920335 18.677
1712247244.905647 18.732
1712247251.879219 18.048000000000002
1712247258.665413 18.423
1712247265.485821 23.172
1712247272.289806 18.845
1712247279.098077 18.977
1712247286.121559 18.248
1712247292.686803 17.659000000000002
1712247299.499466 17.781000000000002
1712247306.382971 18.264
1712247313.085548 18.988999999999997
1712247320.093868 18.593
1712247326.813197 17.923000000000002
1712247333.687108 18.718
1712247340.596441 18.458
1712247347.405566 18.019000000000002
1712247354.22551 18.668
1712247361.077079 18.631
1712247367.973443 23.380000000000003
1712247374.876137 18.939
1712247381.725087 17.679000000000002
1712247388.608713 18.216
1712247395.406733 21.565
1712247402.19681 18.296
1712247409.26538 18.566
1712247416.109225 18.359
1712247422.987626 18.806
1712247429.911524 17.439
1712247436.730706 18.155
1712247443.523653 18.872
1712247450.223429 18.466
1712247457.077363 18.275
1712247463.493184 36.263999999999996
1712247468.04438 21.404
1712247475.084814 18.294
1712247482.041999 17.858
1712247488.871422 19.8
1712247495.798438 18.454
1712247502.782201 18.523
1712247509.447772 18.291999999999998
1712247516.474513 18.807000000000002
1712247523.555903 19.246
1712247530.374151 17.992
1712247537.341202 18.145999999999997
1712247544.300718 17.612
1712247551.152554 17.638
1712247557.847072 17.977
1712247564.774503 17.382
1712247571.553566 18.908
1712247578.571892 18.509
1712247585.54966 19.494
1712247592.628707 18.523
1712247599.539589 18.265
1712247606.537974 35.721000000000004
1712247613.533376 17.725
1712247620.374345 17.639
1712247626.159185 5636.691
1712247632.888932 5622.295
1712247639.599355 5585.178
1712247646.27285 5627.152
1712247652.987303 5738.389
1712247659.816089 5583.415999999999
1712247666.493499 5794.988
1712247673.375296 5807.518
1712247680.273604 5822.608
1712247687.196394 5789.116
1712247694.094775 5726.962
1712247700.91659 4420.085
1712247712.281962 20.494
1712247719.197912 18.625
1712247726.194077 17.764
1712247733.19515 17.865
1712247740.07232 17.435
1712247746.794824 18.732
1712247753.626275 21.434
1712247760.394048 17.829
1712247767.368345 18.003999999999998
1712247774.298362 18.836
1712247781.089776 25.482000000000003
1712247786.603377 5832.869
1712247793.525146 5383.624
1712247799.997059 5713.63
1712247806.799941 5795.201
1712247813.685118 5560.627
1712247820.336266 5685.1539999999995
1712247827.108514 5704.643
1712247833.902929 5608.96
1712247840.600446 5708.983
1712247847.396738 5732.334
1712247854.220315 5698.41
1712247861.011779 5674.1900000000005
1712247867.772478 5820.461
1712247874.681206 5619.882
1712247881.392433 5608.727
1712247888.089752 5641.91
1712247894.819184 5811.4169999999995
1712247901.717544 5666.572999999999
1712247908.488077 5808.156999999999
1712247915.392154 5694.297
1712247922.174504 5614.710999999999
1712247928.889836 5806.5509999999995
1712247935.783148 5513.003000000001
1712247942.683628 2855.323
1712247951.703918 18.835
1712247958.535809 21.273
1712247965.417529 19.125
1712247972.30319 18.047
1712247979.175989 18.018
1712247986.197476 17.804000000000002
1712247992.934335 17.683
1712247999.887398 19.834999999999997
1712248006.795664 18.849
1712248013.627087 17.869
1712248020.613293 24.195
1712248027.584711 19.139
1712248034.508941 18.839000000000002
1712248041.390901 17.873
1712248048.282418 18.005
1712248055.076059 20.791
1712248062.005409 20.271
1712248068.879297 18.59
1712248075.774368 18.226
1712248082.511329 18.450999999999997
1712248089.376595 20.045
1712248096.109024 18.189
1712248102.706294 2283.19
1712248106.710862 5587.811000000001
1712248113.388036 5651.841
1712248120.130655 5581.282
1712248126.810904 5497.509
1712248133.396353 5807.953
1712248140.294632 5608.811000000001
1712248146.991432 5640.6
1712248153.719944 5661.4310000000005
1712248160.466799 5615.224
1712248167.168539 5851.585
1712248174.112452 5673.968999999999
1712248180.87149 4441.244000000001
1712248191.974319 19.990000000000002
1712248198.763443 18.549
1712248205.865009 17.863
1712248212.673609 18.838
1712248219.478382 18.345
1712248226.262499 18.052
1712248233.181566 17.072
1712248240.058761 18.776999999999997
1712248246.854847 19.715
1712248253.845762 18.517
1712248260.785788 17.316000000000003
1712248267.647985 17.961000000000002
1712248274.382625 17.554
1712248281.360448 23.005000000000003
1712248288.230126 20.208000000000002
1712248295.247586 18.037999999999997
1712248302.164192 19.139
1712248308.856887 19.429
1712248315.837506 18.359
1712248322.741327 18.098
1712248329.386689 18.093
1712248336.27149 23.512999999999998
1712248344.283426 17.628999999999998
1712248352.395398 18.91
1712248359.163607 18.291
1712248365.881143 18.113
1712248372.972447 17.563
1712248379.767685 20.064
1712248386.502135 38.345
1712248393.314664 18.125
1712248400.121097 19.310000000000002
1712248407.025117 19.668000000000003
1712248413.870887 18.398999999999997
1712248420.825602 19.322
1712248427.617253 20.023
1712248434.672849 17.763
1712248441.513603 18.72
1712248448.478297 22.504
1712248455.507134 18.891000000000002
1712248462.382091 17.893
1712248469.16995 17.971
1712248476.018375 18.453
1712248482.912682 18.285
1712248489.787743 20.595
1712248496.5059 17.714000000000002
1712248503.479157 17.2
1712248510.472988 18.014
1712248517.397128 18.244
1712248524.279339 17.621000000000002
1712248531.068668 18.608
1712248538.055686 17.142999999999997
1712248544.92694 18.288
1712248551.872895 18.314
1712248558.88561 18.131
1712248565.683772 18.169999999999998
1712248572.578956 17.753
1712248579.589237 18.853
1712248585.394282 5435.811000000001
1712248591.917564 5803.8
1712248598.806775 5778.125
1712248605.671943 5663.934
1712248612.425555 5600.150000000001
1712248619.112412 5679.554
1712248625.881647 5742.79
1712248632.713605 5773.412
1712248639.585227 5795.108
1712248646.475561 5844.168
1712248653.406922 5697.348
1712248660.195224 5791.67
1712248667.073025 5705.743
1712248673.870717 5565.495
1712248680.534425 5851.1939999999995
1712248687.473509 5401.131
1712248693.964028 5470.012
1712248700.520929 5620.558
1712248707.239908 5643.24
1712248713.977308 5711.687000000001
1712248720.780147 5729.161999999999
1712248727.601578 5759.889
1712248734.466987 5814.862
1712248741.368566 4381.245
1712248752.452574 17.98
1712248759.356154 17.678
1712248766.374987 18.07
1712248773.069479 18.283
1712248780.061635 22.069
1712248786.958708 21.204
1712248793.957555 18.339000000000002
1712248800.876023 18.065
1712248807.688968 17.381
1712248814.454348 18.343999999999998
1712248821.348589 145.799
1712248826.87845 5553.646
1712248833.521404 5707.067999999999
1712248840.324735 5695.8
1712248847.112734 5791.499
1712248854.033739 5679.223
1712248860.804036 5714.682
1712248867.608497 5668.772
1712248874.394567 5779.26
1712248881.262132 5731.325
1712248888.098069 5704.273
1712248894.888457 5530.758
1712248901.507354 4040.038
1712248911.937677 18.754
1712248918.749042 24.074
1712248925.628319 16.747999999999998
1712248932.585726 18.657
1712248939.438498 18.068
1712248946.190625 19.298
1712248953.07249 21.011
1712248960.03089 18.734
1712248966.935596 17.605
1712248973.981643 24.639999999999997
1712248981.13964 17.668
1712248992.498897 18.523
1712248999.397949 43.497
1712249006.222241 18.407
1712249013.101816 18.77
1712249020.174414 19.544999999999998
1712249026.981283 21.604000000000003
1712249033.923683 18.901
1712249040.892517 18.602
1712249047.705612 17.395
1712249054.576493 18.572000000000003
1712249061.401022 18.211000000000002
1712249066.780169 18.273999999999997
1712249073.728089 18.095
1712249080.564493 18.889
1712249087.34942 19.181
1712249094.168064 17.892000000000003
1712249101.133615 18.233
1712249108.06168 18.928
1712249114.865683 33.364
1712249121.748332 18.401
1712249128.576625 18.366
1712249135.535122 19.305
1712249142.486239 923.865
1712249146.800516 5716.862
1712249153.604692 5797.283
1712249160.493554 5788.394
1712249167.371416 5733.621
1712249174.192215 5780.395
1712249181.063683 5609.375
1712249187.785179 5790.956
1712249194.684569 5938.073
1712249201.70795 5576.268
1712249208.371284 5722.498
1712249215.183634 5827.064
1712249222.105071 3587.461
1712249232.365641 18.233
1712249239.176724 18.389
1712249246.247149 18.159000000000002
1712249253.159979 19.744999999999997
1712249260.052751 17.895999999999997
1712249267.061151 19.186999999999998
1712249274.159104 19.017
1712249280.937345 18.317
1712249287.939188 24.590999999999998
1712249294.764891 18.212
1712249301.840675 17.038
1712249312.496747 18.34
1712249319.205532 18.666999999999998
1712249326.009625 17.249
1712249333.098107 19.34
1712249339.974844 20.048
1712249346.872013 17.843999999999998
1712249353.789286 19.380000000000003
1712249360.716565 21.65
1712249367.619246 27.641
1712249374.675065 17.989
1712249381.489552 18.438
1712249386.890756 23.458
1712249393.89118 18.699
1712249400.857515 20.0
1712249407.644676 17.686
1712249414.482787 18.833
1712249421.326841 18.313
1712249428.286872 17.905
1712249435.240813 28.133
1712249441.983351 17.335
1712249449.155767 19.59
1712249455.932242 20.472
1712249462.713496 2219.6310000000003
1712249466.952197 5661.578
1712249473.702524 5696.497
1712249480.505571 5714.402
1712249487.308504 5808.514
1712249494.206488 5710.401
1712249501.008712 5716.305
1712249507.810946 5595.94
1712249514.509016 5770.494000000001
1712249521.366932 5833.0109999999995
1712249528.287644 5595.993
1712249534.971686 5817.805
1712249541.874431 5728.864
1712249548.692336 5793.339
1712249555.57282 5835.379
1712249562.495389 5795.84
1712249569.380413 5732.729
1712249576.202837 5711.107
1712249583.015159 5933.745
1712249590.063501 5716.48
1712249596.871517 5717.295
1712249603.678899 5921.896000000001
1712249610.689471 5894.032
1712249617.672399 5256.264
1712249626.319662 18.541999999999998
1712249633.231097 18.413
1712249640.215867 18.358
1712249647.107446 17.744
1712249653.889911 18.485000000000003
1712249660.80686 19.009
1712249667.797552 17.439
1712249674.529663 17.675
1712249681.505636 19.11
1712249688.416673 18.270000000000003
1712249695.305225 18.075
1712249702.270183 18.079
1712249706.792771 18.248
1712249713.68812 20.852
1712249720.401353 24.22
1712249727.29073 23.111
1712249734.136126 18.49
1712249741.08249 22.155
1712249747.974416 18.557000000000002
1712249754.959685 19.126
1712249761.865686 18.09
1712249768.846062 18.806
1712249775.775592 17.748
1712249782.693997 1229.3670000000002
1712249786.931336 5744.098
1712249793.766964 5716.536
1712249800.573336 5522.25
1712249807.180279 5647.557
1712249813.933186 5765.044
1712249820.787691 5508.133
1712249827.387277 5800.406
1712249834.282428 5630.923
1712249841.001504 5613.999
1712249847.701098 5779.273
1712249854.58965 5900.71
1712249861.612272 4181.161
1712249872.764241 17.93
1712249879.616216 20.944
1712249886.611826 22.936999999999998
1712249893.594597 19.491
1712249900.500682 19.36
1712249907.326709 17.826
1712249914.780878 18.592000000000002
1712249921.601474 37.549
1712249928.620426 18.647000000000002
1712249935.577554 18.106
1712249942.499071 1634.682
1712249946.99301 5690.209000000001
1712249953.772329 5633.773
1712249960.513075 5604.476
1712249967.208316 5785.442
1712249974.083272 5642.184
1712249980.819479 5796.491
1712249987.70863 5820.473
1712249994.6165 5777.477
1712250001.492276 5885.183
1712250008.466887 5759.1359999999995
1712250015.31464 5781.736000000001
1712250022.185671 3642.0699999999997
1712250032.566463 18.593
1712250039.466602 17.948
1712250046.378029 18.466
1712250053.323446 20.580000000000002
1712250060.265006 19.24
1712250067.085265 17.794999999999998
1712250073.884344 18.964000000000002
1712250080.616439 42.617000000000004
1712250087.587434 18.376
1712250094.571009 18.084
1712250101.468478 18.082
1712250106.945885 18.224
1712250113.954448 18.28
1712250120.752694 20.622999999999998
1712250127.642096 18.162000000000003
1712250134.637821 17.846999999999998
1712250141.45353 18.745
1712250148.440018 18.558
1712250155.253514 22.846999999999998
1712250162.434806 18.291
1712250169.383205 19.219
1712250176.254148 18.89
1712250183.096945 2282.14
1712250187.039247 5674.502
1712250193.800687 5679.026000000001
1712250200.569137 5712.39
1712250207.370523 5741.4310000000005
1712250214.200472 5767.919
1712250221.060496 5740.9439999999995
1712250227.88844 5638.927
1712250234.617212 5702.835
1712250241.406261 5765.329000000001
1712250248.269745 5632.488
1712250254.990375 5631.872
1712250261.711119 4009.028
1712250272.833529 17.744
1712250279.563523 18.06
1712250286.43164 17.985999999999997
1712250293.356503 18.358
1712250300.252284 18.728
1712250307.040354 17.916999999999998
1712250313.885047 17.921
1712250320.784916 30.289
1712250327.764616 18.003
1712250334.76448 19.588
1712250341.73548 54.302
1712250352.534302 19.053
1712250359.390561 20.315
1712250366.466208 18.055999999999997
1712250373.307931 17.951
1712250380.211506 18.573
1712250387.109537 18.19
1712250393.923125 18.305
1712250400.789593 17.655
1712250407.526164 18.083
1712250414.625678 18.336000000000002
1712250421.570491 17.835
1712250428.521195 18.883
1712250435.562307 17.562
1712250442.424007 18.525
1712250449.372786 20.087
1712250456.28252 18.512
1712250463.286825 17.695
1712250470.213438 19.671999999999997
1712250477.110905 18.183
1712250484.009574 20.156
1712250490.869574 17.951
1712250497.717567 17.875
1712250504.674398 21.017
1712250511.589509 18.686999999999998
1712250518.521447 27.976999999999997
1712250525.472304 18.454
1712250532.505493 24.461
1712250539.472561 18.916999999999998
1712250546.397344 17.839000000000002
1712250553.383145 18.409
1712250560.280885 20.289
1712250567.19397 18.408
1712250574.091705 19.058
1712250580.978508 18.66
1712250586.606565 18.906
1712250593.626927 17.665
1712250600.443979 17.722
1712250607.37352 18.602
1712250614.289096 18.526
1712250621.228304 18.263
1712250628.135803 21.311
1712250635.066696 18.134
1712250641.931662 17.623
1712250648.939304 19.43
1712250655.878034 18.923
1712250662.975881 18.02
1712250672.575354 17.912999999999997
1712250679.409528 19.524
1712250686.17721 18.436999999999998
1712250692.992659 19.349
1712250699.892278 17.945
1712250706.801505 18.513
1712250713.78465 17.64
1712250720.574569 17.871000000000002
1712250727.391305 18.849999999999998
1712250734.209549 18.721999999999998
1712250741.001243 21.137
1712250746.692078 17.384
1712250753.584941 18.06
1712250760.467511 17.856
1712250767.477523 17.691
1712250774.432579 18.21
1712250781.141745 18.209
1712250787.972431 18.424
1712250794.883143 18.032
1712250801.68329 18.207
1712250808.441423 18.713
1712250815.33502 18.43
1712250821.985685 18.444
1712250832.122549 17.695
1712250838.981157 44.046
1712250845.829446 18.359
1712250852.398057 18.587
1712250859.622713 19.218
1712250866.590437 17.607999999999997
1712250873.31861 17.975
1712250880.205575 18.256999999999998
1712250887.111835 19.023000000000003
1712250893.971751 18.158
1712250900.766638 17.974
1712250907.699042 17.756999999999998
1712250914.47582 31.431
1712250921.480564 18.811
1712250928.214637 31.005000000000003
1712250935.007853 20.137999999999998
1712250941.886814 20.814
1712250948.80112 17.66
1712250955.704206 19.544
1712250962.43339 19.306
1712250969.36384 18.699
1712250976.173481 48.821000000000005
1712250983.065035 2023.8070000000002
1712250987.262325 5811.002
1712250994.160393 5715.525000000001
1712251000.962398 5650.478999999999
1712251007.703466 5810.546
1712251014.60412 5799.334
1712251021.492855 5700.554
1712251028.291674 5713.051
1712251035.095922 5618.329
1712251041.806085 5666.966
1712251048.562043 5877.812
1712251055.589482 5790.99
1712251062.471787 3521.964
1712251072.839856 18.519000000000002
1712251079.78103 18.634
1712251086.74403 18.429000000000002
1712251093.651756 18.334
1712251100.683902 18.304000000000002
1712251107.470675 17.788999999999998
1712251114.364704 20.401
1712251121.278855 20.14
1712251128.246362 18.355
1712251135.054057 18.028
1712251141.885023 23.201
1712251152.785686 20.148
1712251159.594727 17.865
1712251166.408625 25.000999999999998
1712251173.376769 17.884
1712251180.315038 25.592
1712251187.17078 17.813
1712251194.191295 18.715
1712251201.08279 18.487
1712251207.81163 18.273
1712251214.783647 17.961000000000002
1712251221.593581 18.062
1712251227.075074 17.749000000000002
1712251233.971514 17.993
1712251240.84723 19.616999999999997
1712251247.644704 20.230999999999998
1712251254.373799 18.613
1712251261.280127 18.299
1712251268.089068 17.686
1712251274.975421 19.599999999999998
1712251281.829056 18.176000000000002
1712251288.581185 18.54
1712251295.57961 21.195
1712251302.633431 1689.9189999999999
1712251306.97233 5646.9839999999995
1712251313.719542 5709.224
1712251320.514885 5771.688
1712251327.376442 5708.961
1712251334.173126 5714.883000000001
1712251340.98026 5826.152999999999
1712251347.89892 5872.7
1712251354.860965 5773.6939999999995
1712251361.72193 5752.696
1712251368.56918 5805.493
1712251375.475383 6006.722
1712251382.576869 3263.2659999999996
1712251392.684406 18.599999999999998
1712251399.488771 18.067
1712251406.280976 17.49
1712251413.27899 19.333
1712251420.116715 18.384
1712251426.92078 28.666
1712251433.999456 18.156
1712251440.901119 19.504
1712251447.801173 18.59
1712251454.800734 18.143
1712251461.608634 18.025
1712251467.236442 18.408
1712251473.985562 17.971999999999998
1712251480.828392 19.296
1712251487.687478 18.231
1712251494.592824 18.444
1712251501.284064 19.185000000000002
1712251508.077639 18.084
1712251514.9745 22.903
1712251521.866348 37.152
1712251528.853459 17.509
1712251535.733548 19.962
1712251542.5638 17.345
1712251549.353679 18.44
1712251556.261594 18.2
1712251563.153526 18.148
1712251569.866451 17.881
1712251576.941104 18.051000000000002
1712251583.74476 19.511
1712251590.77758 18.101
1712251597.754379 19.271
1712251604.571185 17.695
1712251611.483784 18.247
1712251618.372054 17.73
1712251627.575887 18.427
1712251634.3764 18.613
1712251641.197383 22.151
1712251648.101492 18.918999999999997
1712251654.900533 18.321
1712251661.802402 19.955000000000002
1712251668.564229 18.326999999999998
1712251675.496068 19.171
1712251682.293767 18.568
1712251689.291203 20.804
1712251696.080017 17.351
1712251702.819244 1653.103
1712251707.084172 5736.887000000001
1712251713.910151 5867.473
1712251720.866263 5519.325
1712251727.471457 5662.78
1712251734.236731 5792.519
1712251741.113959 5504.934
1712251747.723228 5749.117
1712251754.560461 5724.68
1712251761.376367 5602.134999999999
1712251768.066352 5845.985
1712251774.999728 5826.732
1712251781.915109 4060.816
1712251792.717528 18.4
1712251799.585609 17.794
1712251806.397889 18.727
1712251813.188022 18.337
1712251820.169522 18.441
1712251827.065449 18.872
1712251833.894363 17.958
1712251840.796241 18.602
1712251847.619536 20.118000000000002
1712251854.688137 18.314
1712251861.581072 18.108
1712251868.267893 27.756
1712251875.101146 20.663999999999998
1712251881.97859 18.241
1712251888.687136 18.509
1712251895.517486 18.711
1712251902.487406 17.183
1712251909.1294 19.186
1712251915.979735 24.002
1712251922.891719 19.722
1712251929.704264 18.958
1712251936.367243 17.607999999999997
1712251943.201253 18.115
1712251947.039396 17.349
1712251953.930729 18.721999999999998
1712251960.844107 18.398999999999997
1712251967.734118 18.465
1712251974.53756 18.962
1712251981.559933 26.476
1712251988.455789 19.782
1712251995.368456 17.756
1712252002.154321 18.349
1712252008.97829 18.607
1712252015.861664 18.211000000000002
1712252022.896297 18.174
1712252032.83888 19.708
1712252039.62301 18.950000000000003
1712252046.591661 17.822999999999997
1712252053.486471 17.959
1712252060.322235 19.112000000000002
1712252067.284025 18.711
1712252074.109538 19.593
1712252080.823374 17.825
1712252087.78246 18.363999999999997
1712252094.712215 18.114
1712252101.610398 79.52199999999999
1712252108.673849 18.275
1712252115.515468 21.14
1712252122.111378 17.799
1712252128.91803 17.502
1712252135.77202 18.54
1712252142.515366 19.307000000000002
1712252149.377291 18.267
1712252156.329647 18.804000000000002
1712252163.163826 21.803
1712252170.078269 17.612
1712252176.921937 17.336000000000002
1712252183.711133 17.946
1712252190.706903 19.035
1712252197.600545 45.887
1712252204.483677 18.398
1712252211.501494 17.978
1712252218.30815 19.309
1712252225.20153 22.647000000000002
1712252232.105238 21.959
1712252239.079938 17.826
1712252245.800977 17.823999999999998
1712252252.683091 17.858999999999998
1712252259.693982 33.458
1712252265.805151 22.58
1712252272.328591 18.096
1712252279.259621 18.397
1712252286.142308 18.051000000000002
1712252293.031262 17.808999999999997
1712252299.938896 17.936
1712252306.980315 18.925
1712252313.973383 17.697
1712252320.787591 17.988
1712252327.68552 18.648999999999997
1712252334.627255 27.713
1712252341.588782 30.236
1712252348.436567 19.081999999999997
1712252355.438463 17.884
1712252362.26743 18.68
1712252369.344904 17.72
1712252376.362393 17.347
1712252383.287005 17.476
1712252390.3691 18.521
1712252397.442346 19.82
1712252404.539075 18.155
1712252411.540319 18.259
1712252418.44836 17.748
1712252427.887763 19.206999999999997
1712252434.717523 17.743
1712252441.672118 17.237
1712252448.569192 18.134999999999998
1712252455.621891 18.869
1712252462.528928 18.571
1712252469.530561 18.863999999999997
1712252476.534766 22.435
1712252483.486017 17.316000000000003
1712252490.490507 19.337
1712252497.488027 18.970000000000002
1712252504.163619 17.356
1712252509.142426 22.453
1712252515.982462 19.004
1712252522.882627 17.802
1712252529.836769 18.013
1712252536.767791 20.839
1712252543.58678 18.157
1712252550.749565 19.113000000000003
1712252557.630165 22.363
1712252564.474314 19.016000000000002
1712252571.476571 32.943
1712252578.347892 19.119
1712252585.279688 18.066
1712252592.332922 19.573
1712252599.385211 18.547
1712252606.327651 18.321
1712252613.469149 18.512
1712252620.493569 27.779
1712252627.639064 20.619
1712252634.534371 18.979
1712252641.551329 18.785
1712252648.366711 18.05
1712252655.266435 18.011
1712252662.227316 661.731
1712252667.373198 5815.278
1712252674.276526 5708.604
1712252681.074579 5707.08
1712252687.871591 5730.257
1712252694.70295 5772.128000000001
1712252701.563853 5728.283
1712252708.37879 5844.197
1712252715.315977 5970.402
1712252722.395758 5612.082
1712252729.099864 5721.894
1712252735.916939 5872.735
1712252742.882514 3152.88
1712252752.859291 35.066
1712252759.736281 18.471999999999998
1712252766.59402 18.313
1712252773.579258 19.043
1712252780.63081 17.95
1712252787.62866 17.439
1712252794.83317 18.589000000000002
1712252801.760447 20.587999999999997
1712252808.662532 18.338
1712252815.674725 22.476
1712252822.549158 18.136
1712252833.069405 22.790000000000003
1712252839.684406 19.363
1712252846.417364 18.793
1712252853.125086 18.368
1712252859.889275 18.576999999999998
1712252866.878881 18.259999999999998
1712252874.079396 17.645
1712252881.069759 18.04
1712252887.974306 18.57
1712252894.895457 17.933999999999997
1712252901.730783 23.036
1712252907.229667 5851.650000000001
1712252914.173532 5541.692
1712252920.804447 5590.076
1712252927.483819 5801.138
1712252934.371885 5908.236
1712252941.366114 5639.6179999999995
1712252948.097621 5812.89
1712252955.00306 5774.7210000000005
1712252961.866149 5750.768
1712252968.704161 5818.4
1712252975.612348 5763.7
1712252982.46466 3670.801
1712252992.939134 18.661
1712252999.876728 17.75
1712253006.773428 17.775
1712253013.559112 18.905
1712253020.33491 18.041999999999998
1712253027.445328 18.062
1712253034.352346 19.235
1712253041.175342 18.329
1712253047.96988 19.177
1712253054.759164 18.454
1712253061.571606 18.533
1712253072.620367 57.107
1712253079.624248 38.099000000000004
1712253086.381113 18.083
1712253093.121978 22.368
1712253099.965146 19.578000000000003
1712253107.014292 35.327999999999996
1712253113.768125 18.296
1712253120.602604 18.031
1712253127.366893 17.962
1712253134.21781 18.311
1712253141.026472 17.988
1712253146.912634 5688.570000000001
1712253153.708859 5790.686
1712253160.593234 5591.796
1712253167.274473 5706.572
1712253174.071589 5828.897000000001
1712253180.994839 5716.742
1712253187.800242 5779.727
1712253194.670235 5790.298
1712253201.584347 5801.608
1712253208.476769 5717.889
1712253215.294615 5805.961
1712253222.191042 5698.78
1712253228.981092 5638.807
1712253235.710813 5777.026
1712253242.57787 5914.764
1712253249.583819 5636.249000000001
1712253256.311848 5900.9349999999995
1712253263.302888 5877.174
1712253270.283965 5803.2789999999995
1712253277.205379 5706.126
1712253283.997609 5677.378
1712253290.762322 5641.901
1712253297.494258 5817.085
1712253304.403181 5780.384
1712253311.270196 5853.133
1712253318.218587 5658.1140000000005
1712253324.963588 5842.063999999999
1712253331.899331 5895.327
1712253338.885108 5615.519
1712253345.58854 5933.764
1712253352.611846 5862.564
1712253359.576428 5735.52
1712253366.405995 5884.354
1712253373.396893 5631.454
1712253380.119813 4825.517
1712253390.347014 18.91
1712253397.168758 18.814999999999998
1712253404.0663 18.569
1712253411.142895 17.971
1712253417.933414 18.742
1712253424.762062 18.246
1712253431.735584 18.133
1712253438.639311 18.169
1712253445.627985 17.429
1712253452.467276 18.177
1712253459.429375 22.846999999999998
1712253465.666637 4723.638
1712253471.477277 5624.05
1712253478.188242 5755.559
1712253485.033252 5742.937000000001
1712253491.863302 5738.444
1712253498.690686 5616.816
1712253505.394719 5729.04
1712253512.21343 5710.006
1712253519.01368 5783.592
1712253525.885987 5812.325000000001
1712253532.79503 5720.027
1712253539.609028 5683.233
1712253546.385607 5795.539
1712253553.26838 5721.032
1712253560.080919 5824.405
1712253567.000333 5812.208
1712253573.905623 5709.424
1712253580.706515 5782.94
1712253587.587611 5708.0869999999995
1712253594.385565 5726.544
1712253601.203682 5708.423
1712253608.004237 5770.055
1712253614.863403 5641.163
1712253621.595957 4495.661
1712253632.558373 18.038999999999998
1712253639.546996 18.708
1712253646.470869 18.079
1712253653.475409 19.176
1712253660.447369 18.789
1712253667.373344 18.378
1712253674.288876 17.322
1712253681.174725 18.468
1712253688.139936 18.868
1712253695.080901 18.929000000000002
1712253701.92966 22.814
1712253708.882623 19.022000000000002
1712253715.587758 18.412000000000003
1712253722.356726 27.578
1712253729.273531 18.157
1712253736.191065 18.291999999999998
1712253742.976272 18.29
1712253750.04598 19.369
1712253757.033517 19.019000000000002
1712253763.952817 17.723
1712253770.932982 18.381
1712253778.076315 18.083
1712253787.313507 17.116
1712253794.102357 20.317999999999998
1712253800.799438 17.572999999999997
1712253807.616528 25.476
1712253814.673359 17.691
1712253821.426986 17.769
1712253828.392791 19.186999999999998
1712253835.170797 23.384999999999998
1712253841.980596 33.614
1712253848.78467 18.249000000000002
1712253855.604806 18.234
1712253862.375815 344.155
1712253867.338299 5682.952
1712253874.112038 5684.782
1712253880.884623 5939.898
1712253887.913104 5767.769
1712253894.773169 5935.551
1712253901.811164 5797.7210000000005
1712253908.701696 5607.571
1712253915.399458 6015.155
1712253922.501465 5785.624000000001
1712253929.376296 5930.774
1712253936.395526 5822.523
1712253943.545502 2756.9249999999997
1712253953.235363 18.869
1712253960.260075 18.297
1712253967.179344 18.234
1712253974.027759 18.029
1712253980.943892 26.987000000000002
1712253987.967893 18.963
1712253994.826818 18.325
1712254001.689968 18.64
1712254008.688928 18.206
1712254015.551553 23.354
1712254022.545993 130.70499999999998
1712254027.552227 5737.259
1712254034.39755 5887.504
1712254041.370384 5725.798
1712254048.181119 5799.9980000000005
1712254055.08746 5802.98
1712254061.981942 5753.701
1712254068.830357 5763.652999999999
1712254075.683689 5722.513
1712254082.493886 5632.265
1712254089.214382 5700.654
1712254096.00517 5584.3730000000005
1712254102.685677 3540.336
1712254113.046641 18.769000000000002
1712254120.033941 18.419999999999998
1712254126.943665 17.406000000000002
1712254133.989671 42.547000000000004
1712254140.891496 18.336000000000002
1712254147.844787 18.512
1712254155.079627 23.85
1712254162.034867 19.737000000000002
1712254169.0513 18.588
1712254176.144912 18.278
1712254183.289025 17.62
1712254192.944828 19.906
1712254199.779013 17.638
1712254206.520702 18.561
1712254213.1955 18.325999999999997
1712254220.205036 20.523
1712254226.912217 19.391
1712254233.816246 18.903
1712254240.724895 18.326999999999998
1712254247.575402 18.384
1712254254.56361 19.305
1712254261.420258 17.753
1712254267.078104 17.691
1712254274.073404 18.974999999999998
1712254281.333731 22.689
1712254288.250091 18.896
1712254295.07199 30.39
1712254301.972611 17.42
1712254308.858975 18.391000000000002
1712254315.762742 18.006999999999998
1712254322.750861 18.755000000000003
1712254329.547363 18.163
1712254336.475454 17.832
1712254343.35993 22.069
1712254350.171018 18.052
1712254357.062817 18.429000000000002
1712254363.967445 17.5
1712254370.880608 17.375
1712254377.731473 18.404
1712254384.760327 18.278
1712254391.549605 18.076999999999998
1712254398.349761 26.911
1712254405.26839 17.357999999999997
1712254412.049128 18.477
1712254419.034947 18.476
1712254428.423637 17.663999999999998
1712254435.296869 17.584
1712254442.125673 18.281
1712254448.983656 18.110999999999997
1712254455.927607 18.308999999999997
1712254462.778408 19.316
1712254469.677664 17.743
1712254476.510088 17.912000000000003
1712254483.264329 18.191
1712254490.087321 18.482
1712254496.921742 18.849999999999998
1712254503.669721 2802.705
1712254507.560351 5642.536
1712254514.287878 5711.21
1712254521.089533 5793.8640000000005
1712254527.975318 5707.003000000001
1712254534.772921 5734.205
1712254541.594086 5621.202
1712254548.300733 5682.875
1712254555.071069 5753.289
1712254561.913523 5717.857
1712254568.718665 5692.368
1712254575.505719 5617.375
1712254582.21474 4217.579
1712254593.083536 20.0
1712254599.957489 18.759
1712254606.765211 18.881
1712254613.724986 18.694
1712254620.485645 18.172
1712254627.525541 20.891
1712254634.142725 19.02
1712254640.944019 17.865
1712254647.835129 17.860999999999997
1712254654.585118 21.475
1712254661.659442 17.853
1712254668.355389 18.683000000000003
1712254675.475079 18.265
1712254682.53557 21.515
1712254689.440671 19.09
1712254696.25827 18.38
1712254703.35128 18.46
1712254710.345941 19.66
1712254717.141985 18.089000000000002
1712254724.079999 19.014
1712254731.053944 18.608
1712254738.040194 19.0
1712254744.525779 3672.38
1712254749.285489 5826.678
1712254756.200763 5726.345
1712254763.015175 5812.303
1712254769.915766 5672.558
1712254776.67602 5744.678000000001
1712254783.511548 5863.908
1712254790.464975 5613.054
1712254797.166371 5831.774
1712254804.083044 5505.552
1712254810.676892 5527.211
1712254817.297501 5526.119
1712254825.118721 1188.102
1712254833.033444 17.888
1712254839.8216 18.114
1712254846.682512 19.692999999999998
1712254853.493877 18.596
1712254860.480092 18.66
1712254867.385529 19.144000000000002
1712254874.110782 20.954
1712254880.873112 19.383999999999997
1712254887.695537 18.801
1712254894.329033 17.741
1712254901.095774 24.079
1712254908.169201 17.236
1712254915.077649 18.148999999999997
1712254921.900576 19.356
1712254928.871644 17.984
1712254935.695037 18.925
1712254942.420532 36.977999999999994
1712254949.376855 18.041999999999998
1712254956.262487 17.831
1712254963.384547 22.177
1712254970.363672 18.799
1712254977.204425 18.464000000000002
1712254983.893523 18.909
1712254990.919402 18.811999999999998
1712254997.908627 31.608999999999998
1712255004.907139 19.724
1712255011.810899 18.248
1712255018.720155 17.42
1712255025.597966 19.137
1712255032.482467 18.479
1712255039.393402 19.166
1712255046.293526 18.225
1712255053.17537 18.896
1712255060.013509 18.372
1712255065.993027 18.508
1712255071.678842 17.024
1712255078.55602 18.790000000000003
1712255085.596883 18.131999999999998
1712255092.569652 17.942
1712255099.371337 18.393
1712255106.300441 17.665
1712255112.98226 19.096
1712255119.854151 19.213
1712255126.686724 19.164
1712255133.530514 18.298
1712255140.588013 18.093
1712255151.191576 18.407
1712255157.991619 18.672
1712255164.869811 18.880000000000003
1712255171.902848 22.554000000000002
1712255178.593093 17.378
1712255185.491764 18.828
1712255192.374669 18.817
1712255199.188096 17.575
1712255206.077709 17.763
1712255213.078832 21.616
1712255219.802734 17.741
1712255225.925236 4921.165
1712255231.932321 5768.736
1712255238.791874 5803.0960000000005
1712255245.685513 5731.232
1712255252.540396 6072.214
1712255259.713852 5783.396
1712255266.586624 5686.544
1712255273.38431 5786.1
1712255280.262563 5750.009999999999
1712255287.10222 5797.517
1712255293.999824 5728.856000000001
1712255300.815881 4784.906
1712255311.085512 18.958
1712255318.047358 17.984
1712255324.896684 17.741
1712255331.957567 18.412000000000003
1712255338.869265 18.301000000000002
1712255345.669248 19.022000000000002
1712255352.741626 17.4
1712255359.642916 18.212
1712255366.371387 18.828
1712255373.110879 18.477
1712255379.965967 18.243
1712255389.903598 18.09
1712255396.712459 19.189
1712255403.588554 28.185000000000002
1712255410.397595 18.696
1712255417.113048 18.003
1712255423.982818 25.925
1712255430.711823 25.513
1712255437.693945 18.027
1712255444.403185 17.323
1712255451.221612 23.578000000000003
1712255458.315431 19.413
1712255465.181912 19.993000000000002
1712255471.90703 20.207
1712255478.876927 18.371
1712255485.727125 18.589000000000002
1712255492.494733 22.46
1712255499.421553 18.878
1712255506.401184 21.165
1712255513.319655 18.189
1712255520.114877 19.990000000000002
1712255527.175619 18.509
1712255534.037206 19.406
1712255540.901758 18.899
1712255546.689732 5295.092000000001
1712255553.071999 5815.099
1712255559.973674 5724.878000000001
1712255566.788326 5691.478
1712255573.58154 5791.361
1712255580.460447 5754.362999999999
1712255587.302432 5674.407
1712255594.071923 5916.873
1712255601.081862 5799.855
1712255607.971717 5819.041
1712255614.885681 5745.974999999999
1712255621.719676 4493.536
1712255632.748188 20.674000000000003
1712255639.734454 18.568
1712255646.585468 17.958
1712255653.633346 18.665999999999997
1712255660.550704 18.306
1712255667.337494 18.534
1712255674.238919 18.466
1712255681.243954 19.366999999999997
1712255688.167072 17.784000000000002
1712255695.122847 18.421
1712255702.02458 17.779
1712255708.871794 18.376
1712255715.688252 26.302
1712255722.68341 37.199000000000005
1712255729.651472 17.516000000000002
1712255736.574908 18.474999999999998
1712255743.674859 27.521
1712255750.580935 18.049
1712255757.677103 17.038999999999998
1712255764.649716 18.608
1712255771.457564 19.236
1712255778.347898 18.914
1712255787.272454 17.689
1712255794.19395 17.994
1712255801.012034 20.379
1712255807.715384 18.686999999999998
1712255814.691035 18.747
1712255821.66422 17.823999999999998
1712255828.582553 18.303
1712255835.683621 23.329
1712255842.694883 17.908
1712255849.565157 18.378
1712255856.299312 24.348000000000003
1712255863.208277 1669.436
1712255867.782122 5646.057
1712255874.519793 5772.293000000001
1712255881.385894 5707.073
1712255888.201891 5782.42
1712255895.073181 5914.9310000000005
1712255902.076986 5631.336
1712255908.799568 5887.416
1712255915.77758 5706.64
1712255922.573548 5730.902
1712255929.391738 5791.533
1712255936.277743 5847.2660000000005
1712255943.213742 5583.945
1712255949.924981 5774.985
1712255956.788333 5804.338000000001
1712255963.6859 5698.032999999999
1712255970.471885 6001.951
1712255977.563692 5950.367
1712255984.60705 5704.417
1712255991.397492 5787.109
1712255998.275197 5801.006
1712256005.173132 5642.217
1712256011.905977 5780.9039999999995
1712256018.798327 5878.853
1712256025.770935 5629.434
1712256032.494153 5814.455
1712256039.413456 5774.756
1712256046.273627 5663.47
1712256053.031363 5789.697999999999
1712256059.908817 5782.631
1712256066.792218 5633.449
1712256073.516543 5879.468
1712256080.48572 5739.4
1712256087.316347 5596.347
1712256094.004068 5884.13
1712256100.97986 4845.196
1712256111.565804 17.779
1712256118.513533 34.965
1712256125.398341 19.515
1712256132.298119 18.644000000000002
1712256139.061535 20.645
1712256145.87628 17.843999999999998
1712256152.697553 18.501
1712256159.473297 17.735
1712256166.371612 18.811999999999998
1712256173.119519 18.020999999999997
1712256179.97235 18.099
1712256187.008102 19.21
1712256193.87565 18.358
1712256200.981476 18.933
1712256207.914893 18.207
1712256214.585567 18.641000000000002
1712256221.377402 17.617
1712256228.301324 19.201
1712256235.289846 17.456
1712256242.195265 23.55
1712256249.076079 18.324
1712256255.876316 18.306
1712256262.771908 17.799
1712256267.721866 18.478
1712256274.637518 19.234
1712256281.338534 17.712
1712256288.243521 18.748
1712256295.002622 18.419999999999998
1712256301.689504 17.782
1712256308.645683 18.196
1712256315.444661 18.939999999999998
1712256322.343395 33.09
1712256329.33768 19.351
1712256336.173352 17.456
1712256343.238695 20.668
1712256350.23675 19.493
1712256356.928661 18.058999999999997
1712256364.060375 18.113
1712256370.981488 18.051000000000002
1712256377.784242 19.614
1712256384.847943 18.974
1712256391.759951 17.906
1712256398.586812 17.134
1712256405.638219 17.808
1712256412.674004 18.183999999999997
1712256419.668868 19.212
1712256429.72337 18.092
1712256436.579114 21.905
1712256443.469961 19.142
1712256450.371839 19.915
1712256457.180982 38.719
1712256464.008387 21.813
1712256471.101075 19.459
1712256477.874498 18.414
1712256484.700949 18.193
1712256491.599081 18.227
1712256498.46229 26.487000000000002
1712256504.772464 31.213
1712256509.480068 19.546999999999997
1712256516.372635 19.347
1712256523.392797 18.790000000000003
1712256530.263806 18.700000000000003
1712256537.149633 34.213
1712256544.153531 18.651
1712256551.073628 18.119
1712256557.966247 18.009
1712256564.966877 17.735999999999997
1712256571.845563 19.966
1712256578.676121 17.562
1712256585.688082 21.957
1712256592.639025 17.753
1712256599.663793 18.576
1712256606.565914 17.858
1712256613.435511 20.362000000000002
1712256620.445578 18.83
1712256627.385657 18.099
1712256634.161079 18.903
1712256640.964975 18.069000000000003
1712256648.069152 18.896
1712256655.141152 19.272000000000002
1712256662.235781 17.262
1712256673.51478 18.828999999999997
1712256680.383717 18.096
1712256687.316621 19.368
1712256694.204263 19.325
1712256701.164659 17.911
1712256707.979226 18.8
1712256714.821482 19.552
1712256721.967824 18.89
1712256728.785506 19.149
1712256735.676054 19.019000000000002
1712256742.612109 17.802
1712256747.875826 18.462
1712256754.878395 25.641000000000002
1712256762.361871 17.635
1712256769.636704 18.814999999999998
1712256776.659352 18.087
1712256783.383659 17.648
1712256790.356224 18.603
1712256797.329485 18.082
1712256804.138043 18.512
1712256811.083752 19.456999999999997
1712256817.947856 19.403
1712256824.387375 2942.911
1712256828.41565 5767.495
1712256835.27737 5814.115
1712256842.178716 5610.032999999999
1712256848.875621 5799.29
1712256855.764468 5927.435
1712256862.779752 5501.3820000000005
1712256869.373337 5847.295
1712256876.316464 5801.070000000001
1712256883.223957 5670.8189999999995
1712256889.983127 5794.986
1712256896.865749 5743.107
1712256903.988125 2689.931
1712256913.373519 18.283
1712256920.262995 17.786
1712256927.224708 18.817
1712256934.173292 47.133
1712256940.904609 20.07
1712256947.800412 18.504
1712256954.710743 18.821
1712256961.325628 19.537
1712256968.181493 17.834
1712256975.070758 17.63
1712256981.974253 19.073
1712256987.823498 18.491
1712256994.73565 18.744
1712257001.683088 21.933
1712257008.592027 19.507
1712257015.533855 19.255000000000003
1712257022.547557 18.43
1712257029.388545 17.945
1712257036.264196 18.676000000000002
1712257043.343087 17.868
1712257050.288277 17.749000000000002
1712257057.235697 17.929000000000002
1712257064.179963 17.367
1712257071.272574 18.148
1712257078.153664 33.409
1712257084.934182 18.683000000000003
1712257091.964899 17.593
1712257098.951275 25.613
1712257105.888196 20.167
1712257112.780871 22.136
1712257119.757243 18.02
1712257126.680135 18.629
1712257133.753681 18.131
1712257140.661241 19.015
1712257151.125563 18.062
1712257157.966393 19.283
1712257164.70191 17.96
1712257171.574887 17.663999999999998
1712257178.47372 18.856
1712257185.370941 18.642
1712257192.395482 18.425
1712257199.387318 18.473
1712257206.29659 19.166
1712257213.21586 18.52
1712257220.117826 21.732000000000003
1712257226.26269 4851.735
1712257232.199607 5821.994
1712257239.113511 5789.737
1712257245.992511 5642.782999999999
1712257252.724016 5794.525000000001
1712257259.625102 6156.077
1712257266.879243 5649.132
1712257273.637845 5957.584
1712257280.683569 5807.635
1712257287.582721 5713.034000000001
1712257294.382862 5804.188
1712257301.291703 5780.98
1712257308.162097 5732.457
1712257314.989143 5713.75
1712257321.801632 5885.924
1712257328.79147 5703.541
1712257335.585945 5718.037
1712257342.392851 5741.664
1712257349.231629 5685.124
1712257356.006936 5776.492
1712257362.872489 5720.679999999999
1712257369.706994 5690.638
1712257376.485099 5933.168000000001
1712257383.508708 5712.5019999999995
1712257390.305576 5504.933
1712257396.899388 5895.228999999999
1712257403.883232 5940.794000000001
1712257410.910802 5889.673
1712257417.888531 5806.646
1712257424.81484 5885.477
1712257431.793237 5791.741
1712257438.673129 5810.792
1712257445.57301 5842.58
1712257452.504639 5599.85
1712257459.191572 5668.31
1712257465.969579 5847.499
1712257472.922777 5806.196
1712257479.817818 5876.7480000000005
1712257486.784174 5945.475
1712257493.814641 5796.5109999999995
1712257500.70058 5919.767
1712257507.723087 5787.3859999999995
1712257514.59752 5874.041
1712257521.581763 5764.606
1712257528.57092 5843.518
1712257535.503796 5815.549
1712257542.409894 5701.496999999999
1712257549.205169 5679.159000000001
1712257555.99508 5696.783
1712257562.782678 5806.732
1712257569.679795 5898.536
1712257576.683235 5725.717000000001
1712257583.50324 5812.362
1712257590.406318 5981.878
1712257597.480854 5701.228
1712257604.271616 5835.07
1712257611.19397 5729.604
1712257618.019548 5571.9529999999995
1712257626.276948 617.2189999999999
1712257633.740637 18.256999999999998
1712257640.634341 52.504000000000005
1712257647.741364 18.498
1712257654.453543 18.043
1712257661.268003 21.918
1712257668.242974 18.102
1712257675.130217 18.253
1712257682.263614 19.327
1712257689.283416 19.028
1712257696.238822 17.840999999999998
1712257703.07886 17.500999999999998
1712257710.047391 20.214
1712257716.937743 18.142
1712257723.754242 18.936999999999998
1712257730.660378 18.453
1712257737.603221 17.873
1712257744.553226 19.108
1712257751.389597 59.12
1712257758.253948 17.971
1712257765.356555 17.836000000000002
1712257772.05333 17.994
1712257778.954757 23.883000000000003
1712257785.383592 3448.063
1712257789.919323 5779.136
1712257796.7845 5690.3769999999995
1712257803.565457 5747.497
1712257810.401737 5915.857
1712257817.417951 5770.151
1712257824.297827 5784.263
1712257831.171696 5705.148999999999
1712257837.980277 5629.597000000001
1712257844.701145 5813.329000000001
1712257851.604385 5777.571
1712257858.472133 5408.851000000001
1712257867.000814 231.659
1712257874.0627 17.527
1712257880.87187 18.244
1712257887.81457 19.958
1712257894.7681 18.073999999999998
1712257901.561626 18.036
1712257908.680028 18.348
1712257915.810373 19.645
1712257922.689686 20.164
1712257929.678958 19.221999999999998
1712257936.661148 18.058
1712257943.561528 18.419
1712257950.470546 18.098
1712257957.420053 18.102
1712257964.278411 17.631
1712257971.307951 17.956
1712257978.260888 18.794
1712257985.013652 18.102
1712257992.01548 18.136
1712257998.862481 18.065
1712258005.689566 18.967000000000002
1712258012.47747 17.904
1712258019.213834 32.067
1712258025.515974 17.348
1712258030.662007 18.237
1712258037.679788 37.544000000000004
1712258044.67128 19.336
1712258051.630035 18.107000000000003
1712258058.463313 33.161
1712258065.364322 21.28
1712258072.228349 18.856
1712258078.983323 17.537
1712258086.032156 17.535999999999998
1712258092.980468 17.759
1712258099.995546 20.779
1712258109.878685 24.204
1712258116.778569 21.033
1712258123.715118 1046.138
1712258131.581632 22.195
1712258138.410969 20.327
1712258145.187939 18.066
1712258152.180406 17.968999999999998
1712258158.99015 18.496
1712258165.871356 19.168999999999997
1712258172.790935 18.785
1712258179.612891 17.915
1712258186.495946 17.783
1712258193.082351 17.302000000000003
1712258199.874407 17.977
1712258206.785643 18.38
1712258213.862804 18.067
1712258220.790862 20.874
1712258227.760652 17.61
1712258234.701496 19.105
1712258241.610607 19.351
1712258248.476072 18.392
1712258255.406535 17.499000000000002
1712258262.415918 19.357
1712258268.324873 5673.031
1712258275.09582 5638.338
1712258281.82364 5602.095
1712258288.572435 5756.65
1712258295.419499 5788.288
1712258302.300291 5690.022
1712258309.082551 5928.26
1712258316.103739 5779.401
1712258322.975023 5703.293000000001
1712258329.77931 5707.755
1712258336.577495 5800.7429999999995
1712258343.467755 3467.781
1712258353.60175 18.971999999999998
1712258360.420278 18.944
1712258367.376092 17.331
1712258374.300356 18.246
1712258381.07893 19.189
1712258387.965477 18.106
1712258394.76957 18.188
1712258401.488444 18.03
1712258408.464551 18.071
1712258415.465246 17.87
1712258422.277409 20.483
1712258427.988794 17.523
1712258434.858055 58.72
1712258442.066216 19.336
1712258449.157781 20.604
1712258456.045066 45.402
1712258462.979873 17.451999999999998
1712258469.857813 18.12
1712258476.670107 18.175
1712258483.688908 19.75
1712258490.652094 18.523
1712258497.43753 18.34
1712258504.198749 17.916999999999998
1712258511.359098 19.836
1712258518.230352 18.211000000000002
1712258525.059463 20.672
1712258531.987716 18.115
1712258538.762747 23.409
1712258545.675262 17.718
1712258552.725159 18.322000000000003
1712258559.829484 42.886
1712258566.775183 18.268
1712258573.471464 24.535999999999998
1712258580.487525 23.273
1712258587.326652 42.181000000000004
1712258594.606021 17.798000000000002
1712258601.656156 22.716
1712258608.576341 19.159
1712258615.541285 30.685
1712258622.565402 22.463
1712258629.679853 17.64
1712258636.627536 18.151
1712258643.586791 19.845000000000002
1712258650.552264 18.355
1712258657.634747 18.121000000000002
1712258664.475464 19.555
1712258671.155173 18.284000000000002
1712258678.047543 23.025
1712258684.955019 20.972
1712258691.955076 24.133000000000003
1712258698.935275 17.959
1712258706.164788 18.676000000000002
1712258712.874374 18.873
1712258719.646311 19.543000000000003
1712258726.635028 18.105
1712258733.466727 18.343999999999998
1712258740.173351 41.255
1712258747.088579 17.430999999999997
1712258754.156793 17.864
1712258761.043325 18.609
1712258767.79691 22.188
1712258774.780605 17.991
1712258781.573611 18.59
1712258788.472725 28.718
1712258795.340957 18.450000000000003
1712258802.239213 19.231
1712258809.328171 28.932
1712258816.280602 19.057000000000002
1712258823.091974 402.923
1712258828.283668 5547.227000000001
1712258834.917149 5779.691
1712258841.842984 5647.011
1712258848.575476 5651.049000000001
1712258855.312924 5704.170999999999
1712258862.10539 5677.107999999999
1712258868.871665 5707.773999999999
1712258875.666384 5643.594
1712258882.398254 5894.264
1712258889.383419 5597.0779999999995
1712258896.07727 5829.817
1712258903.003915 5701.821
1712258909.803888 5703.047
1712258916.595882 5934.443
1712258923.618687 5690.621
1712258930.394714 5741.456999999999
1712258937.255657 5768.188
1712258944.116453 5989.693
1712258951.219013 5775.946
1712258958.081623 5890.175
1712258965.063918 5838.264
1712258971.990865 5732.839
1712258978.815825 5391.106
1712258987.528324 17.726
1712258994.46895 17.558
1712259001.192962 19.536
1712259007.967045 18.008
1712259014.811296 17.805999999999997
1712259021.818396 17.726
1712259028.71761 18.216
1712259035.566192 17.951999999999998
1712259042.471072 18.631999999999998
1712259049.100177 50.901
1712259055.989391 18.37
1712259062.878357 24.065
1712259068.269407 5761.986
1712259075.118027 5859.016
1712259082.06703 5546.472
1712259088.705821 5886.279
1712259095.693523 5803.067
1712259102.616789 5596.834000000001
1712259109.304265 5785.456
1712259116.179888 6037.125
1712259123.308433 5700.719999999999
1712259130.101664 5771.542
1712259136.963719 5727.742
1712259143.783584 3365.064
1712259153.985287 23.644
1712259160.719981 23.264
1712259167.4992 19.976
1712259174.583861 20.712999999999997
1712259181.415209 19.004
1712259188.385899 18.783
1712259195.263698 20.236
1712259202.220526 20.729999999999997
1712259209.113537 19.262
1712259216.094563 18.584
1712259222.891754 22.386
1712259229.964421 24.31
1712259236.899402 18.723
1712259243.913457 26.325000000000003
1712259250.881797 22.802
1712259257.973504 25.182
1712259264.778988 20.313000000000002
1712259271.730149 19.79
1712259278.792808 21.794999999999998
1712259285.676942 23.666
1712259292.685556 26.058999999999997
1712259299.79648 19.257
1712259306.117505 4210.384999999999
1712259311.418786 5765.117
1712259318.273602 5704.262
1712259325.068222 5603.378000000001
1712259331.829397 5785.606
1712259338.72396 5703.6179999999995
1712259345.516637 5701.317999999999
1712259352.306649 5775.473
1712259359.180256 5729.7609999999995
1712259366.005665 5830.088
1712259372.928345 5882.048
1712259379.928012 5049.400000000001
1712259388.783729 47.163
1712259395.646806 24.941000000000003
1712259402.657427 32.064
1712259409.623935 22.753
1712259416.482292 19.854
1712259423.399888 21.772
1712259430.355201 22.694
1712259437.342036 19.07
1712259444.235039 18.762999999999998
1712259451.143671 23.968
1712259458.061167 20.717
1712259465.998401 22.814999999999998
1712259474.006942 19.503
1712259480.892726 19.261
1712259487.891706 17.994
1712259494.780632 17.651
1712259501.72242 19.101
1712259508.67163 24.173000000000002
1712259515.41441 23.906
1712259522.407676 24.494
1712259529.284656 18.84
1712259536.187733 22.865
1712259543.181497 18.701999999999998
1712259550.096203 20.113
1712259557.118794 20.875
1712259563.969696 23.101
1712259570.825618 23.291
1712259577.664096 22.719
1712259584.527851 24.038
1712259591.60467 19.308
1712259598.295285 23.980999999999998
1712259605.096846 18.538
1712259612.004599 23.637999999999998
1712259618.872645 21.192
1712259625.747072 29.735
1712259632.525519 24.742
1712259639.288823 24.174999999999997
1712259646.214183 23.719
1712259653.104396 18.537000000000003
1712259659.924578 23.042
1712259667.086109 23.682000000000002
1712259674.01127 26.392
1712259680.871555 21.962
1712259687.795487 22.023
1712259694.697033 26.200999999999997
1712259701.394875 19.305
1712259708.270841 18.548
1712259715.400333 18.804000000000002
1712259722.079576 22.517
1712259728.909878 22.192
1712259735.918619 59.361
1712259742.883563 97.689
1712259750.514757 20.59
1712259757.467538 19.290000000000003
1712259764.405783 18.618
1712259771.30514 20.889000000000003
1712259778.126828 25.195999999999998
1712259784.892885 25.361
1712259789.161573 20.1
1712259795.974908 19.256
1712259802.871562 18.955
1712259809.827087 20.792
1712259816.765111 20.875999999999998
1712259823.533536 19.552
1712259830.429518 17.72
1712259837.26796 20.226999999999997
1712259844.150673 19.558
1712259851.264016 21.538
1712259858.193725 17.88
1712259865.148493 22.328
1712259871.865161 24.919
1712259878.779455 17.134
1712259886.109578 18.403
1712259893.132965 43.213
1712259900.076725 18.689
1712259906.881053 23.574
1712259913.761169 19.046
1712259921.049148 23.227
1712259928.049955 19.667
1712259935.065907 17.69
1712259941.869176 18.861
1712259948.835824 19.125
1712259955.748963 25.347
1712259962.760188 20.331
1712259969.645554 20.236
1712259976.428135 21.323
1712259983.426988 18.738999999999997
1712259990.425893 20.473000000000003
1712259997.380503 19.247
1712260004.348054 21.231
1712260011.3492 26.988000000000003
1712260018.341668 25.835
1712260025.068988 2920.8340000000003
1712260029.075846 5704.23
1712260035.868519 5825.694
1712260042.78268 5551.853
1712260049.435878 5872.936000000001
1712260056.398749 5780.979
1712260063.271599 5460.612
1712260069.995675 5682.3769999999995
1712260076.767015 5636.909000000001
1712260083.492084 5586.036
1712260090.167375 5720.174
1712260096.992704 5606.991
1712260103.68732 3435.2670000000003
1712260113.970933 19.169999999999998
1712260120.750068 36.182
1712260127.928292 20.785
1712260135.104358 18.467000000000002
1712260142.181516 20.695
1712260149.076987 18.985
1712260156.060809 20.238
1712260162.877344 19.956000000000003
1712260169.641279 19.491999999999997
1712260176.548592 28.135
1712260183.477591 23.14
1712260190.372658 18.858
1712260197.25011 22.192
1712260204.18412 18.114
1712260210.971828 22.166
1712260218.257005 19.279999999999998
1712260225.059396 23.189
1712260231.935601 162.859
1712260239.965034 18.401
1712260246.886656 21.499000000000002
1712260254.095789 22.471
1712260260.844872 18.037000000000003
1712260270.998333 18.523999999999997
1712260277.7812 18.52
1712260284.421252 20.902
1712260291.273571 19.262999999999998
1712260298.578559 21.107
1712260305.291159 32.524
1712260312.365672 18.813
1712260319.514679 33.669
1712260326.285894 18.425
1712260332.972452 18.465
1712260339.893351 20.115000000000002
1712260346.9911 20.641
1712260353.979089 18.912000000000003
1712260360.916913 17.48
1712260367.819779 18.104
1712260374.696841 17.815
1712260381.514689 18.086000000000002
1712260388.32049 17.959
1712260395.399775 18.929000000000002
1712260402.367169 20.059
1712260409.188157 20.067999999999998
1712260416.216421 20.254
1712260423.172564 17.971999999999998
1712260428.492021 18.672
1712260435.275566 17.78
1712260442.070893 19.692
1712260449.034452 18.775
1712260455.863129 18.971999999999998
1712260462.586953 22.746
1712260469.561826 18.598
1712260476.444849 18.016000000000002
1712260483.233572 31.260999999999996
1712260490.329641 19.163
1712260496.966147 18.751
1712260503.743496 18.023
1712260514.296804 18.298
1712260521.101813 22.356
1712260527.876546 18.409
1712260534.641573 18.093
1712260541.475502 18.432000000000002
1712260548.164039 17.725
1712260555.114484 20.176
1712260561.9651 23.346
1712260573.864407 55.729
1712260580.710334 19.12
1712260587.774342 18.233
1712260594.619275 23.387
1712260601.476078 17.607000000000003
1712260602.599354 17.628999999999998
1712260609.601169 18.813
1712260616.319487 21.17
1712260623.170947 17.562
1712260630.024063 22.599999999999998
1712260636.834898 20.207
1712260643.606944 22.037000000000003
1712260650.702507 39.067
1712260657.696356 19.099
1712260664.407662 17.909000000000002
1712260668.56574 19.39
1712260675.630484 49.825
1712260682.555974 19.081999999999997
1712260689.461528 25.394
1712260696.351501 46.807
1712260703.369612 18.03
1712260710.25631 25.849
1712260717.055063 24.235
1712260723.883926 17.687
1712260730.874794 17.707
1712260737.779406 17.812
1712260745.416139 18.106
1712260753.69667 18.311
1712260760.684144 18.918999999999997
1712260767.689704 18.599
1712260774.484986 18.409
1712260781.409041 20.518
1712260788.326191 18.705
1712260795.207227 18.054000000000002
1712260802.207912 17.912999999999997
1712260809.612767 20.524
1712260816.262714 18.153
1712260823.181061 136.939
1712260828.620629 5803.843
1712260835.520953 5881.65
1712260842.527214 6164.572999999999
1712260849.780945 5636.463
1712260856.507209 5865.965
1712260863.49993 5818.466
1712260870.414568 5806.198
1712260877.30973 5874.299
1712260884.278744 5661.306
1712260891.037897 5838.393
1712260897.973608 5840.242
1712260904.906799 5851.142000000001
1712260911.876405 5655.5109999999995
1712260918.622891 5852.25
1712260925.565905 5766.679
1712260932.427181 5583.804
1712260939.10006 5501.737999999999
1712260945.699279 5803.694
1712260952.593817 5777.704
1712260959.464131 5827.302000000001
1712260966.40353 5802.608
1712260973.329558 5602.386
1712260980.032205 5746.567
1712260986.867418 5673.209
1712260993.631781 5772.914
1712261000.49536 5804.933
1712261007.401238 5804.054
1712261014.306966 5776.142
1712261021.169063 5916.224999999999
1712261028.200182 5801.42
1712261035.093546 5702.971
1712261041.885544 5686.032
1712261048.66578 5642.145
1712261055.399114 5731.693
1712261062.222184 4500.974
1712261072.76965 18.055999999999997
1712261079.760018 18.307
1712261086.586903 18.506
1712261093.527181 18.19
1712261100.343368 19.369999999999997
1712261107.237832 18.592000000000002
1712261114.131251 18.615
1712261120.872608 18.479
1712261127.783753 18.122
1712261134.748616 23.132
1712261141.602816 20.215
1712261148.674399 22.241
1712261155.632022 18.678
1712261162.554379 19.145
1712261169.539617 26.003999999999998
1712261176.37298 17.342
1712261183.310525 23.237000000000002
1712261190.359237 19.266
1712261197.343623 24.497999999999998
1712261204.256197 22.275
1712261211.152089 23.271
1712261218.038251 20.514999999999997
1712261224.98366 17.817
1712261232.134487 33.705
1712261238.947703 23.788
1712261245.965486 19.053
1712261252.875528 17.555999999999997
1712261259.93911 18.284000000000002
1712261266.871808 21.385
1712261274.187598 17.959
1712261281.051 17.878999999999998
1712261287.861491 20.379
1712261294.734575 18.728
1712261301.537787 29.309
1712261307.252033 5326.164000000001
1712261313.663715 5773.638
1712261320.563531 5724.166
1712261327.377716 5629.736
1712261334.099423 5718.740000000001
1712261340.911182 5708.9980000000005
1712261347.710317 5620.721
1712261354.420182 5781.961
1712261361.291726 5790.125
1712261368.1745 5712.4839999999995
1712261374.97777 5705.482
1712261381.775171 4751.784
