1712246894.618426 23.820999999999998
1712246901.378823 5464.499
1712246911.837573 5704.441
1712246918.629121 5917.398999999999
1712246925.630532 5849.832
1712246932.566328 5774.8679999999995
1712246939.425996 5751.162
1712246946.257483 5727.438
1712246953.092175 5850.728
1712246960.049029 5805.264
1712246966.936235 5723.114
1712246973.744506 5741.017
1712246980.565161 5773.6900000000005
1712246987.43564 5782.99
1712246994.309113 5925.003000000001
1712247001.321474 5926.873
1712247008.342818 5929.9169999999995
1712247015.355365 5811.534
1712247022.247528 6043.604
1712247029.37471 5818.458
1712247036.278285 5924.475
1712247043.284748 5775.123
1712247050.142258 5904.978
1712247057.127911 5354.656
1712247065.673921 23.343
1712247072.518704 24.423000000000002
1712247079.490354 23.577
1712247086.290116 24.081000000000003
1712247093.203773 23.286
1712247100.180871 24.195
1712247106.88125 23.035
1712247114.003725 23.979
1712247120.80834 24.618000000000002
1712247127.497437 24.445999999999998
1712247134.172132 24.134
1712247141.065146 23.433
1712247147.923234 24.257
1712247154.803872 24.622999999999998
1712247161.66486 22.604
1712247168.515673 23.907
1712247175.475314 23.073
1712247182.525316 24.794
1712247189.411885 23.781
1712247196.215776 23.852
1712247203.085763 42.65
1712247209.982085 23.548
1712247216.96927 26.332
1712247223.980683 23.945
1712247230.913528 24.826
1712247237.920335 24.653000000000002
1712247244.905647 24.032999999999998
1712247251.879219 24.152
1712247258.665413 23.996
1712247265.485821 24.76
1712247272.289806 23.753
1712247279.098077 23.864
1712247286.121559 23.641
1712247292.686803 22.987000000000002
1712247299.499466 28.89
1712247306.382971 25.565
1712247313.085548 24.874
1712247320.093868 24.238
1712247326.813197 23.741000000000003
1712247333.687108 23.313
1712247340.596441 24.279
1712247347.405566 23.849
1712247354.22551 24.595
1712247361.077079 25.871000000000002
1712247367.973443 23.508000000000003
1712247374.876137 23.466
1712247381.725087 24.883
1712247388.608713 23.308
1712247395.406733 24.903000000000002
1712247402.19681 24.567
1712247409.26538 23.123
1712247416.109225 27.436
1712247422.987626 23.240000000000002
1712247429.911524 23.848000000000003
1712247436.730706 26.416999999999998
1712247443.523653 23.256
1712247450.223429 24.409
1712247457.077363 25.149
1712247463.493184 3453.5930000000003
1712247468.04438 5954.675
1712247475.084814 5870.212
1712247482.041999 5746.33
1712247488.871422 5831.05
1712247495.798438 5898.411
1712247502.782201 5583.797
1712247509.447772 5945.411
1712247516.474513 5994.611
1712247523.555903 5734.458
1712247530.374151 5880.725
1712247537.341202 5824.177
1712247544.300718 5771.458
1712247551.152554 5613.673000000001
1712247557.847072 5844.012000000001
1712247564.774503 5694.92
1712247571.553566 5931.525
1712247578.571892 5894.781
1712247585.54966 5996.768999999999
1712247592.628707 5825.401
1712247599.539589 5914.024
1712247606.537974 5894.707
1712247613.533376 5757.7429999999995
1712247620.374345 4702.638999999999
1712247626.159185 23.662
1712247632.888932 24.084
1712247639.599355 23.919
1712247646.27285 23.88
1712247652.987303 23.877
1712247659.816089 25.701
1712247666.493499 24.063000000000002
1712247673.375296 23.863
1712247680.273604 28.219
1712247687.196394 23.741000000000003
1712247694.094775 24.281
1712247700.91659 23.657
1712247712.281962 23.466
1712247719.197912 24.241
1712247726.194077 23.679
1712247733.19515 23.803
1712247740.07232 29.253999999999998
1712247746.794824 23.365000000000002
1712247753.626275 23.389
1712247760.394048 23.482
1712247767.368345 23.566
1712247774.298362 23.216
1712247781.089776 23.636
1712247786.603377 23.619
1712247793.525146 23.618
1712247799.997059 24.504
1712247806.799941 25.426000000000002
1712247813.685118 23.587
1712247820.336266 23.777
1712247827.108514 23.796999999999997
1712247833.902929 24.702
1712247840.600446 23.306
1712247847.396738 27.015
1712247854.220315 26.009
1712247861.011779 23.432000000000002
1712247867.772478 23.842
1712247874.681206 24.677999999999997
1712247881.392433 24.122999999999998
1712247888.089752 23.464
1712247894.819184 23.767
1712247901.717544 24.278000000000002
1712247908.488077 23.765
1712247915.392154 23.368
1712247922.174504 24.255
1712247928.889836 23.992
1712247935.783148 24.135
1712247942.683628 24.282
1712247951.703918 24.537
1712247958.535809 22.779
1712247965.417529 24.203
1712247972.30319 23.772000000000002
1712247979.175989 23.643
1712247986.197476 24.628
1712247992.934335 24.953
1712247999.887398 23.025
1712248006.795664 23.032
1712248013.627087 26.548
1712248020.613293 24.580000000000002
1712248027.584711 28.142
1712248034.508941 32.824
1712248041.390901 24.099
1712248048.282418 25.672
1712248055.076059 26.596999999999998
1712248062.005409 23.662
1712248068.879297 24.319
1712248075.774368 22.953999999999997
1712248082.511329 23.491999999999997
1712248089.376595 22.99
1712248096.109024 24.739
1712248102.706294 47.784
1712248106.710862 25.083000000000002
1712248113.388036 25.916999999999998
1712248120.130655 23.461
1712248126.810904 23.002000000000002
1712248133.396353 23.421999999999997
1712248140.294632 23.113000000000003
1712248146.991432 24.203
1712248153.719944 23.192
1712248160.466799 24.85
1712248167.168539 25.385
1712248174.112452 23.717
1712248180.87149 5596.491
1712248191.974319 5705.508
1712248198.763443 6015.513
1712248205.865009 5716.983
1712248212.673609 5695.492
1712248219.478382 5684.325000000001
1712248226.262499 5835.110000000001
1712248233.181566 5797.812000000001
1712248240.058761 5710.941
1712248246.854847 5904.081
1712248253.845762 5858.6140000000005
1712248260.785788 5781.448
1712248267.647985 5651.169000000001
1712248274.382625 5895.732
1712248281.360448 5775.906
1712248288.230126 5927.228999999999
1712248295.247586 5832.96
1712248302.164192 5597.119000000001
1712248308.856887 5894.284
1712248315.837506 5822.577
1712248322.741327 5562.743
1712248329.386689 5801.228
1712248336.27149 5687.027999999999
1712248344.283426 1341.153
1712248352.395398 24.549000000000003
1712248359.163607 23.573
1712248365.881143 24.160999999999998
1712248372.972447 26.071
1712248379.767685 23.040000000000003
1712248386.502135 23.956000000000003
1712248393.314664 23.499
1712248400.121097 23.132
1712248407.025117 23.592
1712248413.870887 23.903000000000002
1712248420.825602 23.022000000000002
1712248427.617253 23.335
1712248434.672849 24.011000000000003
1712248441.513603 24.429
1712248448.478297 23.525000000000002
1712248455.507134 24.85
1712248462.382091 23.652
1712248469.16995 22.061
1712248476.018375 23.316
1712248482.912682 24.663
1712248489.787743 23.983999999999998
1712248496.5059 23.775000000000002
1712248503.479157 23.684
1712248510.472988 22.988000000000003
1712248517.397128 23.189
1712248524.279339 24.346
1712248531.068668 23.278
1712248538.055686 24.006
1712248544.92694 26.639
1712248551.872895 38.908
1712248558.88561 23.480999999999998
1712248565.683772 23.630000000000003
1712248572.578956 24.185000000000002
1712248579.589237 28.679
1712248585.394282 25.439
1712248591.917564 24.273
1712248598.806775 25.399
1712248605.671943 23.339
1712248612.425555 22.822
1712248619.112412 22.948
1712248625.881647 23.924
1712248632.713605 34.141999999999996
1712248639.585227 26.706
1712248646.475561 23.704
1712248653.406922 23.165000000000003
1712248660.195224 24.029
1712248667.073025 24.622
1712248673.870717 23.556
1712248680.534425 23.523
1712248687.473509 24.816000000000003
1712248693.964028 24.732
1712248700.520929 25.499000000000002
1712248707.239908 23.480999999999998
1712248713.977308 23.516
1712248720.780147 24.032
1712248727.601578 24.256
1712248734.466987 23.561
1712248741.368566 5615.101000000001
1712248752.452574 5822.03
1712248759.356154 5936.051
1712248766.374987 5611.296
1712248773.069479 5898.514999999999
1712248780.061635 5810.368
1712248786.958708 5892.125
1712248793.957555 5835.009
1712248800.876023 5730.626
1712248807.688968 5685.092
1712248814.454348 5811.314
1712248821.348589 4320.706999999999
1712248826.87845 24.472
1712248833.521404 31.175
1712248840.324735 24.105
1712248847.112734 59.256
1712248854.033739 25.735999999999997
1712248860.804036 24.004
1712248867.608497 23.623
1712248874.394567 24.216
1712248881.262132 24.364
1712248888.098069 25.076
1712248894.888457 23.169999999999998
1712248901.507354 5328.066
1712248911.937677 5726.764
1712248918.749042 5788.391
1712248925.628319 5877.316000000001
1712248932.585726 5768.173
1712248939.438498 5669.4259999999995
1712248946.190625 5799.64
1712248953.07249 5868.026000000001
1712248960.03089 5820.451
1712248966.935596 5964.188
1712248973.981643 6070.16
1712248981.13964 4681.861
1712248992.498897 32.088
1712248999.397949 24.382
1712249006.222241 23.971
1712249013.101816 23.354
1712249020.174414 23.976
1712249026.981283 28.407
1712249033.923683 26.874
1712249040.892517 23.349
1712249047.705612 26.037000000000003
1712249054.576493 24.061
1712249061.401022 146.07600000000002
1712249066.780169 5863.123
1712249073.728089 5750.608
1712249080.564493 5693.302
1712249087.34942 5727.798
1712249094.168064 5877.251
1712249101.133615 5847.227
1712249108.06168 5720.226000000001
1712249114.865683 5784.306
1712249121.748332 5744.196
1712249128.576625 5873.632
1712249135.535122 5868.2210000000005
1712249142.486239 2325.61
1712249146.800516 23.564999999999998
1712249153.604692 23.601
1712249160.493554 23.434
1712249167.371416 23.849
1712249174.192215 22.769000000000002
1712249181.063683 41.547
1712249187.785179 37.532999999999994
1712249194.684569 23.026999999999997
1712249201.70795 24.0
1712249208.371284 23.689999999999998
1712249215.183634 23.400000000000002
1712249222.105071 5609.646
1712249232.365641 5727.204000000001
1712249239.176724 5986.74
1712249246.247149 5828.951
1712249253.159979 5807.296
1712249260.052751 5928.781
1712249267.061151 6014.302
1712249274.159104 5625.028
1712249280.937345 5896.775
1712249287.939188 5740.227
1712249294.764891 5991.642
1712249301.840675 3913.78
1712249312.496747 23.855
1712249319.205532 23.895
1712249326.009625 23.252
1712249333.098107 25.184
1712249339.974844 23.226
1712249346.872013 22.633
1712249353.789286 24.489
1712249360.716565 23.292
1712249367.619246 23.327
1712249374.675065 23.91
1712249381.489552 389.178
1712249386.890756 5912.887
1712249393.89118 5883.332
1712249400.857515 5688.796
1712249407.644676 5756.821000000001
1712249414.482787 5759.544
1712249421.326841 5877.085
1712249428.286872 5870.804999999999
1712249435.240813 5649.941
1712249441.983351 6091.084000000001
1712249449.155767 5694.094
1712249455.932242 5691.429
1712249462.713496 954.7090000000001
1712249466.952197 24.336
1712249473.702524 42.045
1712249480.505571 23.627
1712249487.308504 23.709999999999997
1712249494.206488 24.232
1712249501.008712 23.605
1712249507.810946 24.628
1712249514.509016 23.528
1712249521.366932 23.811
1712249528.287644 23.542
1712249534.971686 23.165000000000003
1712249541.874431 26.572
1712249548.692336 23.983
1712249555.57282 23.650000000000002
1712249562.495389 23.235
1712249569.380413 23.892
1712249576.202837 26.455
1712249583.015159 23.584999999999997
1712249590.063501 24.112000000000002
1712249596.871517 24.034
1712249603.678899 25.055
1712249610.689471 23.121
1712249617.672399 32.595
1712249626.319662 23.095000000000002
1712249633.231097 25.767000000000003
1712249640.215867 23.252
1712249647.107446 23.86
1712249653.889911 23.980999999999998
1712249660.80686 23.817999999999998
1712249667.797552 23.992
1712249674.529663 23.677
1712249681.505636 25.174
1712249688.416673 23.659
1712249695.305225 23.448
1712249702.270183 1514.54
1712249706.792771 5812.075
1712249713.68812 5609.993
1712249720.401353 5800.661
1712249727.29073 5757.671
1712249734.136126 5863.364
1712249741.08249 5804.439
1712249747.974416 5902.349
1712249754.959685 5822.001
1712249761.865686 5892.688999999999
1712249768.846062 5839.833
1712249775.775592 5788.776000000001
1712249782.693997 1944.914
1712249786.931336 24.032
1712249793.766964 23.871
1712249800.573336 23.314
1712249807.180279 41.782
1712249813.933186 23.894
1712249820.787691 22.968
1712249827.387277 24.805
1712249834.282428 23.682000000000002
1712249841.001504 24.435
1712249847.701098 43.986999999999995
1712249854.58965 22.436999999999998
1712249861.612272 23.598000000000003
1712249872.764241 24.029999999999998
1712249879.616216 27.759
1712249886.611826 24.999
1712249893.594597 23.571
1712249900.500682 24.112000000000002
1712249907.326709 27.701
1712249914.780878 24.024
1712249921.601474 27.646
1712249928.620426 25.931
1712249935.577554 24.154
1712249942.499071 23.480999999999998
1712249946.99301 24.386000000000003
1712249953.772329 23.407
1712249960.513075 23.421
1712249967.208316 24.031
1712249974.083272 27.175
1712249980.819479 23.465
1712249987.70863 23.733
1712249994.6165 32.754
1712250001.492276 23.944
1712250008.466887 23.417
1712250015.31464 23.813000000000002
1712250022.185671 23.2
1712250032.566463 22.898000000000003
1712250039.466602 23.854
1712250046.378029 23.577
1712250053.323446 23.654
1712250060.265006 24.648
1712250067.085265 26.62
1712250073.884344 23.753
1712250080.616439 27.739
1712250087.587434 24.849
1712250094.571009 23.843
1712250101.468478 176.93200000000002
1712250106.945885 5925.724
1712250113.954448 5715.693
1712250120.752694 5802.592
1712250127.642096 5912.084
1712250134.637821 5733.768999999999
1712250141.45353 5905.365
1712250148.440018 5730.330999999999
1712250155.253514 6085.439
1712250162.434806 5863.556
1712250169.383205 5785.603
1712250176.254148 5760.769
1712250183.096945 596.5160000000001
1712250187.039247 24.888
1712250193.800687 23.552
1712250200.569137 23.534
1712250207.370523 23.639
1712250214.200472 24.398
1712250221.060496 23.099999999999998
1712250227.88844 23.314
1712250234.617212 23.666
1712250241.406261 24.012999999999998
1712250248.269745 24.705000000000002
1712250254.990375 23.387
1712250261.711119 5792.6
1712250272.833529 5645.629
1712250279.563523 5785.203
1712250286.43164 5843.715999999999
1712250293.356503 5796.901
1712250300.252284 5704.888000000001
1712250307.040354 5760.256
1712250313.885047 5816.327
1712250320.784916 5884.197999999999
1712250327.764616 5921.227
1712250334.76448 5885.769
1712250341.73548 4135.116
1712250352.534302 23.563000000000002
1712250359.390561 27.42
1712250366.466208 23.113000000000003
1712250373.307931 23.535
1712250380.211506 22.764
1712250387.109537 25.082
1712250393.923125 22.674
1712250400.789593 23.970000000000002
1712250407.526164 23.774
1712250414.625678 22.821
1712250421.570491 23.863
1712250428.521195 24.482
1712250435.562307 23.497
1712250442.424007 23.407
1712250449.372786 26.544999999999998
1712250456.28252 24.717
1712250463.286825 23.994
1712250470.213438 23.694
1712250477.110905 25.203
1712250484.009574 23.892
1712250490.869574 23.702
1712250497.717567 23.571
1712250504.674398 23.592
1712250511.589509 28.932
1712250518.521447 23.727
1712250525.472304 22.868
1712250532.505493 33.234
1712250539.472561 25.375999999999998
1712250546.397344 24.448
1712250553.383145 24.421000000000003
1712250560.280885 28.694
1712250567.19397 23.968
1712250574.091705 25.894000000000002
1712250580.978508 23.841
1712250586.606565 5935.753
1712250593.626927 5733.557
1712250600.443979 5850.375
1712250607.37352 5833.378
1712250614.289096 5837.06
1712250621.228304 5824.252
1712250628.135803 5843.322999999999
1712250635.066696 5781.807
1712250641.931662 5926.72
1712250648.939304 5852.313
1712250655.878034 5795.034000000001
1712250662.975881 2901.5550000000003
1712250672.575354 24.165
1712250679.409528 22.963
1712250686.17721 24.314
1712250692.992659 30.643
1712250699.892278 23.593
1712250706.801505 24.660999999999998
1712250713.78465 23.129
1712250720.574569 27.466
1712250727.391305 24.802999999999997
1712250734.209549 24.015
1712250741.001243 24.082
1712250746.692078 5811.976
1712250753.584941 5784.325
1712250760.467511 5896.77
1712250767.477523 5875.521
1712250774.432579 5625.844
1712250781.141745 5745.969999999999
1712250787.972431 5818.241999999999
1712250794.883143 5691.8009999999995
1712250801.68329 5672.783
1712250808.441423 5811.665
1712250815.33502 5568.901000000001
1712250821.985685 3867.01
1712250832.122549 27.973000000000003
1712250838.981157 23.133
1712250845.829446 27.437
1712250852.398057 53.551
1712250859.622713 23.557000000000002
1712250866.590437 24.801
1712250873.31861 27.293000000000003
1712250880.205575 24.698
1712250887.111835 23.078999999999997
1712250893.971751 24.406000000000002
1712250900.766638 23.218
1712250907.699042 23.54
1712250914.47582 28.826999999999998
1712250921.480564 23.459
1712250928.214637 24.624
1712250935.007853 23.439999999999998
1712250941.886814 24.56
1712250948.80112 25.046
1712250955.704206 23.694
1712250962.43339 26.429000000000002
1712250969.36384 22.672
1712250976.173481 23.966
1712250983.065035 23.605999999999998
1712250987.262325 23.48
1712250994.160393 24.273
1712251000.962398 23.884
1712251007.703466 23.532999999999998
1712251014.60412 23.611
1712251021.492855 25.915
1712251028.291674 24.85
1712251035.095922 25.125999999999998
1712251041.806085 23.73
1712251048.562043 56.788
1712251055.589482 23.826
1712251062.471787 5778.8820000000005
1712251072.839856 5840.528
1712251079.78103 5877.962
1712251086.74403 5826.141
1712251093.651756 5948.715
1712251100.683902 5695.271
1712251107.470675 5808.227
1712251114.364704 5823.794999999999
1712251121.278855 5883.758
1712251128.246362 5725.026
1712251135.054057 5747.479
1712251141.885023 4158.575
1712251152.785686 24.251
1712251159.594727 23.477999999999998
1712251166.408625 23.511
1712251173.376769 24.016
1712251180.315038 23.636
1712251187.17078 23.029
1712251194.191295 23.529999999999998
1712251201.08279 28.155
1712251207.81163 44.336
1712251214.783647 38.827
1712251221.593581 92.771
1712251227.075074 5809.227
1712251233.971514 5793.074
1712251240.84723 5713.964
1712251247.644704 5621.773
1712251254.373799 5822.3859999999995
1712251261.280127 5723.587
1712251268.089068 5802.358
1712251274.975421 5764.687999999999
1712251281.829056 5668.888
1712251288.581185 5901.025
1712251295.57961 5965.4980000000005
1712251302.633431 1586.267
1712251306.97233 23.156
1712251313.719542 23.185000000000002
1712251320.514885 24.776
1712251327.376442 24.421000000000003
1712251334.173126 25.468
1712251340.98026 26.458
1712251347.89892 23.246
1712251354.860965 23.889
1712251361.72193 23.279999999999998
1712251368.56918 33.729
1712251375.475383 24.772
1712251382.576869 23.584999999999997
1712251392.684406 26.232
1712251399.488771 26.446
1712251406.280976 22.381999999999998
1712251413.27899 26.498
1712251420.116715 23.919
1712251426.92078 23.319
1712251433.999456 25.802
1712251440.901119 29.412
1712251447.801173 24.415
1712251454.800734 24.157999999999998
1712251461.608634 38.842
1712251467.236442 5665.357
1712251473.985562 5757.91
1712251480.828392 5776.496
1712251487.687478 5820.177000000001
1712251494.592824 5607.22
1712251501.284064 5708.218
1712251508.077639 5814.276000000001
1712251514.9745 5802.235
1712251521.866348 5886.688999999999
1712251528.853459 5796.852999999999
1712251535.733548 5746.4839999999995
1712251542.5638 5706.742
1712251549.353679 5823.5
1712251556.261594 5807.543
1712251563.153526 5631.663
1712251569.866451 5992.652999999999
1712251576.941104 5714.936
1712251583.74476 5946.29
1712251590.77758 5893.219
1712251597.754379 5730.157
1712251604.571185 5829.892
1712251611.483784 5806.107
1712251618.372054 5224.145
1712251627.575887 23.975
1712251634.3764 22.595
1712251641.197383 23.875
1712251648.101492 23.928
1712251654.900533 25.065
1712251661.802402 23.841
1712251668.564229 23.916
1712251675.496068 24.407999999999998
1712251682.293767 24.292
1712251689.291203 23.556
1712251696.080017 23.348
1712251702.819244 33.941
1712251707.084172 23.416
1712251713.910151 24.488
1712251720.866263 23.334
1712251727.471457 24.877
1712251734.236731 23.847
1712251741.113959 24.726000000000003
1712251747.723228 23.221
1712251754.560461 23.054000000000002
1712251761.376367 24.227999999999998
1712251768.066352 23.830000000000002
1712251774.999728 23.744999999999997
1712251781.915109 25.160999999999998
1712251792.717528 29.605
1712251799.585609 23.810000000000002
1712251806.397889 31.891000000000002
1712251813.188022 25.333000000000002
1712251820.169522 23.554
1712251827.065449 25.095
1712251833.894363 24.018
1712251840.796241 23.564999999999998
1712251847.619536 25.195
1712251854.688137 34.003
1712251861.581072 23.874
1712251868.267893 23.93
1712251875.101146 48.768
1712251881.97859 22.962
1712251888.687136 24.733
1712251895.517486 23.911
1712251902.487406 24.118000000000002
1712251909.1294 24.052
1712251915.979735 24.804
1712251922.891719 24.512
1712251929.704264 23.681
1712251936.367243 23.107
1712251943.201253 1748.688
1712251947.039396 5811.187999999999
1712251953.930729 5828.185
1712251960.844107 5807.164000000001
1712251967.734118 5719.085
1712251974.53756 5935.911
1712251981.559933 5801.280000000001
1712251988.455789 5828.399
1712251995.368456 5686.827
1712252002.154321 5740.59
1712252008.97829 5802.884
1712252015.861664 5844.795999999999
1712252022.896297 3111.71
1712252032.83888 24.240000000000002
1712252039.62301 24.277
1712252046.591661 23.573
1712252053.486471 23.150000000000002
1712252060.322235 23.952
1712252067.284025 24.398
1712252074.109538 24.060000000000002
1712252080.823374 24.064
1712252087.78246 25.377
1712252094.712215 24.694
1712252101.610398 23.516
1712252108.673849 28.051
1712252115.515468 31.403
1712252122.111378 22.963
1712252128.91803 23.233
1712252135.77202 23.3
1712252142.515366 24.001
1712252149.377291 23.784
1712252156.329647 24.504
1712252163.163826 30.797
1712252170.078269 47.78
1712252176.921937 23.086
1712252183.711133 23.243
1712252190.706903 23.878
1712252197.600545 24.011000000000003
1712252204.483677 24.995
1712252211.501494 23.886999999999997
1712252218.30815 23.051
1712252225.20153 23.583
1712252232.105238 31.605
1712252239.079938 23.503
1712252245.800977 22.611
1712252252.683091 26.814999999999998
1712252259.693982 25.1
1712252265.805151 5438.72
1712252272.328591 5786.4839999999995
1712252279.259621 5801.219
1712252286.142308 5804.53
1712252293.031262 5826.537
1712252299.938896 5959.780000000001
1712252306.980315 5897.9929999999995
1712252313.973383 5732.370000000001
1712252320.787591 5799.735
1712252327.68552 5811.1759999999995
1712252334.627255 5868.912
1712252341.588782 5752.481000000001
1712252348.436567 5910.558
1712252355.438463 5744.776
1712252362.26743 5991.103
1712252369.344904 5921.863
1712252376.362393 5844.840999999999
1712252383.287005 6001.6939999999995
1712252390.3691 5988.22
1712252397.442346 6014.003
1712252404.539075 5918.258
1712252411.540319 5824.207
1712252418.44836 5357.795999999999
1712252427.887763 23.935000000000002
1712252434.717523 24.632
1712252441.672118 23.634999999999998
1712252448.569192 24.358999999999998
1712252455.621891 22.884999999999998
1712252462.528928 23.609
1712252469.530561 24.115000000000002
1712252476.534766 24.316999999999997
1712252483.486017 24.218
1712252490.490507 24.487
1712252497.488027 24.469
1712252504.163619 3870.113
1712252509.142426 5753.166
1712252515.982462 5814.973
1712252522.882627 5870.491999999999
1712252529.836769 5848.05
1712252536.767791 5726.6810000000005
1712252543.58678 6075.978
1712252550.749565 5796.397
1712252557.630165 5756.554999999999
1712252564.474314 5902.798
1712252571.476571 5774.722
1712252578.347892 5845.517
1712252585.279688 5972.252
1712252592.332922 5967.698
1712252599.385211 5857.033
1712252606.327651 6057.616
1712252613.469149 5941.052
1712252620.493569 6048.866
1712252627.639064 5810.067
1712252634.534371 5926.7609999999995
1712252641.551329 5724.36
1712252648.366711 5810.202
1712252655.266435 5835.071
1712252662.227316 3415.255
1712252667.373198 23.195
1712252674.276526 24.493000000000002
1712252681.074579 24.704
1712252687.871591 34.054
1712252694.70295 23.273
1712252701.563853 23.564999999999998
1712252708.37879 23.441
1712252715.315977 37.341
1712252722.395758 23.862000000000002
1712252729.099864 29.283
1712252735.916939 27.788
1712252742.882514 5752.42
1712252752.859291 5776.681
1712252759.736281 5774.455
1712252766.59402 5905.092
1712252773.579258 5968.568
1712252780.63081 5917.356
1712252787.62866 6124.571000000001
1712252794.83317 5846.731
1712252801.760447 5812.063
1712252808.662532 5929.845
1712252815.674725 5786.027
1712252822.549158 3910.37
1712252833.069405 24.232
1712252839.684406 23.626
1712252846.417364 25.884
1712252853.125086 23.816
1712252859.889275 24.506
1712252866.878881 25.12
1712252874.079396 37.159
1712252881.069759 25.105
1712252887.974306 24.775
1712252894.895457 23.782
1712252901.730783 29.586000000000002
1712252907.229667 23.552
1712252914.173532 23.86
1712252920.804447 24.750999999999998
1712252927.483819 23.502
1712252934.371885 24.174999999999997
1712252941.366114 24.472
1712252948.097621 29.433
1712252955.00306 23.051
1712252961.866149 23.002000000000002
1712252968.704161 23.650000000000002
1712252975.612348 23.146
1712252982.46466 5742.051
1712252992.939134 5856.101
1712252999.876728 5813.014
1712253006.773428 5701.054
1712253013.559112 5692.708
1712253020.33491 6026.375
1712253027.445328 5825.177
1712253034.352346 5739.683
1712253041.175342 5708.781
1712253047.96988 5699.112999999999
1712253054.759164 5701.316000000001
1712253061.571606 4797.703
1712253072.620367 41.872
1712253079.624248 24.284
1712253086.381113 25.211000000000002
1712253093.121978 48.237
1712253099.965146 44.371
1712253107.014292 27.907
1712253113.768125 23.567999999999998
1712253120.602604 23.852999999999998
1712253127.366893 23.502
1712253134.21781 23.256
1712253141.026472 23.127000000000002
1712253146.912634 41.514
1712253153.708859 24.646
1712253160.593234 23.122
1712253167.274473 23.967
1712253174.071589 28.41
1712253180.994839 23.27
1712253187.800242 25.146
1712253194.670235 30.082
1712253201.584347 23.932
1712253208.476769 23.956000000000003
1712253215.294615 24.243000000000002
1712253222.191042 28.363
1712253228.981092 23.699
1712253235.710813 23.539
1712253242.57787 23.980999999999998
1712253249.583819 24.691000000000003
1712253256.311848 25.021
1712253263.302888 25.38
1712253270.283965 50.763999999999996
1712253277.205379 23.541
1712253283.997609 24.009
1712253290.762322 23.857
1712253297.494258 23.258999999999997
1712253304.403181 23.675
1712253311.270196 27.494999999999997
1712253318.218587 23.624
1712253324.963588 25.249000000000002
1712253331.899331 23.639
1712253338.885108 22.708
1712253345.58854 23.679
1712253352.611846 38.228
1712253359.576428 23.559
1712253366.405995 23.650000000000002
1712253373.396893 24.09
1712253380.119813 4334.7
1712253390.347014 5736.411
1712253397.168758 5803.409000000001
1712253404.0663 5991.030000000001
1712253411.142895 5693.397
1712253417.933414 5745.615
1712253424.762062 5891.14
1712253431.735584 5823.973
1712253438.639311 5904.6539999999995
1712253445.627985 5758.986
1712253452.467276 5874.687
1712253459.429375 5143.025
1712253465.666637 23.654999999999998
1712253471.477277 23.257
1712253478.188242 23.227
1712253485.033252 23.997999999999998
1712253491.863302 23.43
1712253498.690686 23.762999999999998
1712253505.394719 24.067
1712253512.21343 23.509999999999998
1712253519.01368 22.515
1712253525.885987 31.201
1712253532.79503 25.623
1712253539.609028 29.511
1712253546.385607 24.334000000000003
1712253553.26838 24.367
1712253560.080919 26.939
1712253567.000333 23.399
1712253573.905623 27.561
1712253580.706515 26.273999999999997
1712253587.587611 23.611
1712253594.385565 24.233999999999998
1712253601.203682 24.215
1712253608.004237 23.098
1712253614.863403 24.874
1712253621.595957 5403.039
1712253632.558373 5906.379
1712253639.546996 5841.296
1712253646.470869 5921.929999999999
1712253653.475409 5886.163
1712253660.447369 5842.18
1712253667.373344 5832.899
1712253674.288876 5801.648
1712253681.174725 5878.991
1712253688.139936 5855.609
1712253695.080901 5748.251
1712253701.92966 5843.835999999999
1712253708.882623 5619.907999999999
1712253715.587758 5686.899
1712253722.356726 5826.057
1712253729.273531 5834.88
1712253736.191065 5696.71
1712253742.976272 5983.669
1712253750.04598 5901.588000000001
1712253757.033517 5834.088000000001
1712253763.952817 5896.63
1712253770.932982 6061.833
1712253778.076315 5479.193
1712253787.313507 22.765
1712253794.102357 23.365000000000002
1712253800.799438 23.883000000000003
1712253807.616528 24.703
1712253814.673359 25.478
1712253821.426986 23.57
1712253828.392791 24.694
1712253835.170797 24.382
1712253841.980596 23.384999999999998
1712253848.78467 24.909
1712253855.604806 23.247
1712253862.375815 23.147000000000002
1712253867.338299 25.447999999999997
1712253874.112038 23.934
1712253880.884623 23.82
1712253887.913104 25.936
1712253894.773169 37.907999999999994
1712253901.811164 23.816
1712253908.701696 24.101999999999997
1712253915.399458 25.002
1712253922.501465 23.477999999999998
1712253929.376296 23.651
1712253936.395526 258.79799999999994
1712253943.545502 5867.495
1712253953.235363 5933.424
1712253960.260075 5837.918000000001
1712253967.179344 5767.635
1712253974.027759 5835.981000000001
1712253980.943892 5931.484
1712253987.967893 5772.972000000001
1712253994.826818 5781.387
1712254001.689968 5916.955
1712254008.688928 5778.7
1712254015.551553 5907.37
1712254022.545993 3811.393
1712254027.552227 23.613
1712254034.39755 22.844
1712254041.370384 22.884999999999998
1712254048.181119 23.627
1712254055.08746 23.124
1712254061.981942 23.624
1712254068.830357 24.067999999999998
1712254075.683689 24.179
1712254082.493886 24.482
1712254089.214382 23.866
1712254096.00517 24.647
1712254102.685677 5750.211
1712254113.046641 5901.526
1712254120.033941 5828.714
1712254126.943665 5953.216
1712254133.989671 5773.1
1712254140.891496 5868.97
1712254147.844787 6150.939
1712254155.079627 5859.497
1712254162.034867 5921.098
1712254169.0513 5987.401
1712254176.144912 5903.817
1712254183.289025 2988.1310000000003
1712254192.944828 29.828
1712254199.779013 23.773
1712254206.520702 23.589
1712254213.1955 23.002000000000002
1712254220.205036 23.698
1712254226.912217 23.172
1712254233.816246 23.209
1712254240.724895 24.169
1712254247.575402 24.072
1712254254.56361 22.943
1712254261.420258 30.904
1712254267.078104 5913.47
1712254274.073404 6175.946
1712254281.333731 5824.689
1712254288.250091 5738.344
1712254295.07199 5806.854
1712254301.972611 5804.7570000000005
1712254308.858975 5821.2609999999995
1712254315.762742 5901.141
1712254322.750861 5710.2029999999995
1712254329.547363 5846.348
1712254336.475454 5804.123
1712254343.35993 5724.077
1712254350.171018 5812.5109999999995
1712254357.062817 5819.71
1712254363.967445 5829.404
1712254370.880608 5772.811
1712254377.731473 5944.9
1712254384.760327 5706.183
1712254391.549605 5711.684
1712254398.349761 5827.217
1712254405.26839 5698.478
1712254412.049128 5903.851000000001
1712254419.034947 5213.612999999999
1712254428.423637 23.755
1712254435.296869 23.976999999999997
1712254442.125673 23.796000000000003
1712254448.983656 26.161
1712254455.927607 23.709999999999997
1712254462.778408 25.42
1712254469.677664 23.591
1712254476.510088 23.713
1712254483.264329 24.655
1712254490.087321 23.584999999999997
1712254496.921742 40.506
1712254503.669721 24.306
1712254507.560351 23.151999999999997
1712254514.287878 23.518
1712254521.089533 23.432000000000002
1712254527.975318 23.923
1712254534.772921 23.916
1712254541.594086 22.983
1712254548.300733 24.094
1712254555.071069 23.237000000000002
1712254561.913523 23.042
1712254568.718665 24.345
1712254575.505719 24.336
1712254582.21474 5584.661999999999
1712254593.083536 5784.021
1712254599.957489 5722.209000000001
1712254606.765211 5876.673000000001
1712254613.724986 5678.148
1712254620.485645 5956.924
1712254627.525541 5531.803
1712254634.142725 5720.013
1712254640.944019 5810.924
1712254647.835129 5666.482
1712254654.585118 5984.503
1712254661.659442 5614.080000000001
1712254668.355389 6025.624
1712254675.475079 5967.745
1712254682.53557 5818.374000000001
1712254689.440671 5733.937
1712254696.25827 6008.155000000001
1712254703.35128 5910.749
1712254710.345941 5706.299
1712254717.141985 5844.698
1712254724.079999 5888.219
1712254731.053944 5903.231
1712254738.040194 5388.27
1712254744.525779 23.91
1712254749.285489 23.709999999999997
1712254756.200763 24.108
1712254763.015175 24.079
1712254769.915766 24.027
1712254776.67602 23.755
1712254783.511548 24.119999999999997
1712254790.464975 23.378
1712254797.166371 22.912
1712254804.083044 23.461
1712254810.676892 23.810000000000002
1712254817.297501 23.955000000000002
1712254825.118721 23.546
1712254833.033444 23.398
1712254839.8216 31.499
1712254846.682512 23.419999999999998
1712254853.493877 26.453
1712254860.480092 25.278
1712254867.385529 23.224
1712254874.110782 24.132
1712254880.873112 24.061
1712254887.695537 24.121
1712254894.329033 22.919999999999998
1712254901.095774 25.276
1712254908.169201 23.75
1712254915.077649 24.660999999999998
1712254921.900576 23.86
1712254928.871644 24.384
1712254935.695037 24.965
1712254942.420532 23.633000000000003
1712254949.376855 23.378
1712254956.262487 23.337
1712254963.384547 23.832
1712254970.363672 23.164
1712254977.204425 24.0
1712254983.893523 27.156
1712254990.919402 24.938
1712254997.908627 24.122
1712255004.907139 23.267
1712255011.810899 23.552
1712255018.720155 23.732
1712255025.597966 28.785
1712255032.482467 24.823999999999998
1712255039.393402 24.399
1712255046.293526 26.927
1712255053.17537 23.517
1712255060.013509 23.691
1712255065.993027 4602.977
1712255071.678842 5796.503000000001
1712255078.55602 5947.615
1712255085.596883 5889.916
1712255092.569652 5718.642
1712255099.371337 5837.605
1712255106.300441 5599.222
1712255112.98226 5788.351
1712255119.854151 5747.2609999999995
1712255126.686724 5758.726000000001
1712255133.530514 5975.576
1712255140.588013 4914.471
1712255151.191576 23.303
1712255157.991619 41.7
1712255164.869811 24.011999999999997
1712255171.902848 240.62800000000001
1712255178.593093 23.25
1712255185.491764 24.386000000000003
1712255192.374669 57.977000000000004
1712255199.188096 23.819
1712255206.077709 22.852
1712255213.078832 25.303
1712255219.802734 29.007
1712255225.925236 23.308
1712255231.932321 23.75
1712255238.791874 23.52
1712255245.685513 23.809
1712255252.540396 31.876
1712255259.713852 23.744
1712255266.586624 45.193
1712255273.38431 23.109
1712255280.262563 24.926000000000002
1712255287.10222 33.45
1712255293.999824 23.394000000000002
1712255300.815881 4418.63
1712255311.085512 5877.293
1712255318.047358 5745.648
1712255324.896684 5972.241999999999
1712255331.957567 5827.039
1712255338.869265 5715.853
1712255345.669248 5978.575
1712255352.741626 5821.553
1712255359.642916 5645.747
1712255366.371387 5654.468
1712255373.110879 5772.452
1712255379.965967 4978.132
1712255389.903598 25.0
1712255396.712459 24.435
1712255403.588554 37.476
1712255410.397595 23.877
1712255417.113048 45.635000000000005
1712255423.982818 25.738
1712255430.711823 23.810000000000002
1712255437.693945 23.171
1712255444.403185 23.574
1712255451.221612 23.686
1712255458.315431 23.779
1712255465.181912 23.596
1712255471.90703 23.822
1712255478.876927 23.793000000000003
1712255485.727125 30.964
1712255492.494733 23.686
1712255499.421553 24.369
1712255506.401184 23.142
1712255513.319655 23.907999999999998
1712255520.114877 23.366999999999997
1712255527.175619 24.927
1712255534.037206 23.576
1712255540.901758 24.049
1712255546.689732 24.267
1712255553.071999 24.115000000000002
1712255559.973674 22.995
1712255566.788326 37.551
1712255573.58154 23.612000000000002
1712255580.460447 22.838
1712255587.302432 23.967
1712255594.071923 23.583
1712255601.081862 23.831000000000003
1712255607.971717 24.973
1712255614.885681 24.888
1712255621.719676 5468.122
1712255632.748188 5900.577
1712255639.734454 5768.65
1712255646.585468 5964.29
1712255653.633346 5833.32
1712255660.550704 5698.591
1712255667.337494 5812.176
1712255674.238919 5923.48
1712255681.243954 5837.586
1712255688.167072 5874.906
1712255695.122847 5819.366
1712255702.02458 5767.23
1712255708.871794 5733.175
1712255715.688252 5905.929
1712255722.68341 5862.736
1712255729.651472 5842.715
1712255736.574908 6014.125
1712255743.674859 5810.273999999999
1712255750.580935 6012.537
1712255757.677103 5880.075
1712255764.649716 5724.133
1712255771.457564 5795.206
1712255778.347898 5546.388
1712255787.272454 25.085
1712255794.19395 24.679
1712255801.012034 29.887
1712255807.715384 23.269000000000002
1712255814.691035 24.23
1712255821.66422 24.222
1712255828.582553 24.37
1712255835.683621 23.752
1712255842.694883 24.837
1712255849.565157 24.433
1712255856.299312 24.035999999999998
1712255863.208277 24.023
1712255867.782122 27.024
1712255874.519793 23.556
1712255881.385894 27.598000000000003
1712255888.201891 23.441
1712255895.073181 23.924
1712255902.076986 24.011999999999997
1712255908.799568 24.076
1712255915.77758 24.146
1712255922.573548 23.906
1712255929.391738 24.385
1712255936.277743 24.119
1712255943.213742 24.029999999999998
1712255949.924981 23.611
1712255956.788333 24.767
1712255963.6859 24.084
1712255970.471885 25.222
1712255977.563692 23.970000000000002
1712255984.60705 23.247
1712255991.397492 24.802999999999997
1712255998.275197 25.784000000000002
1712256005.173132 24.364
1712256011.905977 23.689999999999998
1712256018.798327 25.613
1712256025.770935 23.317999999999998
1712256032.494153 39.095
1712256039.413456 23.793000000000003
1712256046.273627 23.808
1712256053.031363 25.457
1712256059.908817 39.402
1712256066.792218 25.085
1712256073.516543 24.840999999999998
1712256080.48572 23.721
1712256087.316347 29.291
1712256094.004068 22.711
1712256100.97986 23.77
1712256111.565804 23.321
1712256118.513533 23.917
1712256125.398341 24.427999999999997
1712256132.298119 27.501
1712256139.061535 23.869999999999997
1712256145.87628 23.808
1712256152.697553 24.846
1712256159.473297 23.424
1712256166.371612 23.634999999999998
1712256173.119519 23.751
1712256179.97235 23.624
1712256187.008102 23.686
1712256193.87565 58.332
1712256200.981476 25.095
1712256207.914893 23.604
1712256214.585567 24.197
1712256221.377402 23.158
1712256228.301324 23.994
1712256235.289846 27.561
1712256242.195265 26.064
1712256249.076079 24.255
1712256255.876316 23.628
1712256262.771908 674.2040000000001
1712256267.721866 5835.177
1712256274.637518 5619.6630000000005
1712256281.338534 5822.575
1712256288.243521 5673.143999999999
1712256295.002622 5601.822
1712256301.689504 5873.534000000001
1712256308.645683 5710.995
1712256315.444661 5809.4890000000005
1712256322.343395 5898.899
1712256329.33768 5747.402
1712256336.173352 5983.545
1712256343.238695 5910.2
1712256350.23675 5606.827
1712256356.928661 6049.692
1712256364.060375 5832.945
1712256370.981488 5718.377
1712256377.784242 5978.653
1712256384.847943 5829.183
1712256391.759951 5738.4490000000005
1712256398.586812 5946.974
1712256405.638219 5953.1320000000005
1712256412.674004 5910.03
1712256419.668868 5300.245999999999
1712256429.72337 23.357
1712256436.579114 23.571
1712256443.469961 30.272000000000002
1712256450.371839 65.93
1712256457.180982 23.597
1712256464.008387 23.786
1712256471.101075 26.625
1712256477.874498 23.290000000000003
1712256484.700949 25.197
1712256491.599081 24.117
1712256498.46229 24.41
1712256504.772464 3610.826
1712256509.480068 5805.267
1712256516.372635 5935.718
1712256523.392797 5787.197
1712256530.263806 5804.574
1712256537.149633 5906.335
1712256544.153531 5836.001
1712256551.073628 5808.941
1712256557.966247 5906.217
1712256564.966877 5789.76
1712256571.845563 5747.048000000001
1712256578.676121 5927.228999999999
1712256585.688082 5863.43
1712256592.639025 5942.625999999999
1712256599.663793 5820.11
1712256606.565914 5787.5160000000005
1712256613.435511 5926.719
1712256620.445578 5858.857
1712256627.385657 5695.534000000001
1712256634.161079 5719.457
1712256640.964975 6021.198
1712256648.069152 5990.534000000001
1712256655.141152 6008.197
1712256662.235781 4610.687000000001
1712256673.51478 24.0
1712256680.383717 24.361
1712256687.316621 23.217000000000002
1712256694.204263 25.058
1712256701.164659 23.902
1712256707.979226 23.855
1712256714.821482 27.305
1712256721.967824 24.595
1712256728.785506 23.599999999999998
1712256735.676054 24.116
1712256742.612109 132.929
1712256747.875826 5919.866
1712256754.878395 6383.623
1712256762.361871 6187.847
1712256769.636704 5936.992
1712256776.659352 5635.768
1712256783.383659 5891.149
1712256790.356224 5887.619
1712256797.329485 5727.187
1712256804.138043 5860.997
1712256811.083752 5780.452
1712256817.947856 5357.348
1712256824.387375 23.619999999999997
1712256828.41565 24.113
1712256835.27737 22.976
1712256842.178716 23.462
1712256848.875621 23.233
1712256855.764468 23.605999999999998
1712256862.779752 26.199
1712256869.373337 24.79
1712256876.316464 25.697000000000003
1712256883.223957 23.186
1712256889.983127 23.757
1712256896.865749 23.602
1712256903.988125 23.979
1712256913.373519 23.166
1712256920.262995 22.878
1712256927.224708 26.345
1712256934.173292 24.333000000000002
1712256940.904609 23.796000000000003
1712256947.800412 24.075
1712256954.710743 24.314
1712256961.325628 24.077
1712256968.181493 24.819999999999997
1712256975.070758 24.219
1712256981.974253 42.93
1712256987.823498 5828.755
1712256994.73565 5864.246999999999
1712257001.683088 5819.968
1712257008.592027 5858.718
1712257015.533855 5928.227
1712257022.547557 5756.7519999999995
1712257029.388545 5791.147
1712257036.264196 5998.42
1712257043.343087 5862.139
1712257050.288277 5864.714
1712257057.235697 5863.047
1712257064.179963 6007.601000000001
1712257071.272574 5795.964
1712257078.153664 5681.451
1712257084.934182 5948.95
1712257091.964899 5893.924
1712257098.951275 5828.55
1712257105.888196 5807.482
1712257112.780871 5889.805
1712257119.757243 5836.764999999999
1712257126.680135 5988.969
1712257133.753681 5824.8369999999995
1712257140.661241 5039.088
1712257151.125563 24.243000000000002
1712257157.966393 24.126
1712257164.70191 23.287
1712257171.574887 24.19
1712257178.47372 23.961
1712257185.370941 23.726
1712257192.395482 23.604
1712257199.387318 23.994999999999997
1712257206.29659 25.026
1712257213.21586 24.09
1712257220.117826 25.982000000000003
1712257226.26269 23.328000000000003
1712257232.199607 23.009
1712257239.113511 24.172
1712257245.992511 24.015
1712257252.724016 27.794
1712257259.625102 23.258000000000003
1712257266.879243 24.56
1712257273.637845 25.049
1712257280.683569 24.152
1712257287.582721 25.125
1712257294.382862 23.362000000000002
1712257301.291703 24.329
1712257308.162097 23.958
1712257314.989143 26.374000000000002
1712257321.801632 23.761999999999997
1712257328.79147 26.487000000000002
1712257335.585945 24.313000000000002
1712257342.392851 23.331999999999997
1712257349.231629 25.779
1712257356.006936 26.22
1712257362.872489 23.637999999999998
1712257369.706994 24.512
1712257376.485099 24.788
1712257383.508708 23.059
1712257390.305576 23.102
1712257396.899388 23.912
1712257403.883232 23.220000000000002
1712257410.910802 23.423
1712257417.888531 53.333999999999996
1712257424.81484 26.294
1712257431.793237 25.502
1712257438.673129 24.867
1712257445.57301 23.699
1712257452.504639 23.279
1712257459.191572 30.921
1712257465.969579 23.102
1712257472.922777 24.384
1712257479.817818 23.768
1712257486.784174 23.817
1712257493.814641 24.226000000000003
1712257500.70058 24.466
1712257507.723087 23.812
1712257514.59752 30.866999999999997
1712257521.581763 23.833
1712257528.57092 25.262
1712257535.503796 24.347
1712257542.409894 29.162
1712257549.205169 25.075
1712257555.99508 25.122
1712257562.782678 24.227999999999998
1712257569.679795 39.509
1712257576.683235 25.573999999999998
1712257583.50324 24.389999999999997
1712257590.406318 27.755
1712257597.480854 24.389999999999997
1712257604.271616 23.328000000000003
1712257611.19397 24.578
1712257618.019548 1619.915
1712257626.276948 5766.879999999999
1712257633.740637 5809.869
1712257640.634341 5915.431
1712257647.741364 5621.33
1712257654.453543 5731.339
1712257661.268003 5886.313
1712257668.242974 5787.975
1712257675.130217 6049.478
1712257682.263614 5931.297
1712257689.283416 5851.911999999999
1712257696.238822 5758.249
1712257703.07886 5881.879
1712257710.047391 5787.05
1712257716.937743 5732.387
1712257723.754242 5821.302000000001
1712257730.660378 5858.437999999999
1712257737.603221 5862.0650000000005
1712257744.553226 5752.466
1712257751.389597 5730.95
1712257758.253948 6017.973
1712257765.356555 5614.27
1712257772.05333 5819.15
1712257778.954757 5342.973
1712257785.383592 23.714
1712257789.919323 22.987000000000002
1712257796.7845 23.081
1712257803.565457 23.743
1712257810.401737 33.915
1712257817.417951 35.708
1712257824.297827 25.282
1712257831.171696 40.627
1712257837.980277 24.099
1712257844.701145 24.559
1712257851.604385 23.316
1712257858.472133 23.507
1712257867.000814 23.25
1712257874.0627 23.355
1712257880.87187 23.697
1712257887.81457 23.298
1712257894.7681 24.423000000000002
1712257901.561626 22.676000000000002
1712257908.680028 24.485
1712257915.810373 24.701
1712257922.689686 24.887
1712257929.678958 24.527
1712257936.661148 25.601
1712257943.561528 25.356
1712257950.470546 23.490000000000002
1712257957.420053 23.366999999999997
1712257964.278411 23.439999999999998
1712257971.307951 23.663
1712257978.260888 28.477
1712257985.013652 23.632
1712257992.01548 23.969
1712257998.862481 23.396
1712258005.689566 30.238999999999997
1712258012.47747 23.738
1712258019.213834 24.132
1712258025.515974 4067.2740000000003
1712258030.662007 5932.626
1712258037.679788 5887.786
1712258044.67128 5872.811
1712258051.630035 5744.313
1712258058.463313 5801.027999999999
1712258065.364322 5775.931
1712258072.228349 5662.67
1712258078.983323 5964.863
1712258086.032156 5864.7119999999995
1712258092.980468 5918.606
1712258099.995546 5169.295
1712258109.878685 56.324
1712258116.778569 24.704
1712258123.715118 23.268
1712258131.581632 24.96
1712258138.410969 24.116
1712258145.187939 23.793000000000003
1712258152.180406 24.257
1712258158.99015 25.006
1712258165.871356 24.572
1712258172.790935 24.328
1712258179.612891 23.689
1712258186.495946 23.872999999999998
1712258193.082351 23.634999999999998
1712258199.874407 25.041999999999998
1712258206.785643 27.595000000000002
1712258213.862804 23.695
1712258220.790862 27.264
1712258227.760652 39.088
1712258234.701496 24.238
1712258241.610607 24.559
1712258248.476072 23.882
1712258255.406535 23.33
1712258262.415918 24.693
1712258268.324873 23.665
1712258275.09582 24.076
1712258281.82364 23.033
1712258288.572435 23.708
1712258295.419499 29.215
1712258302.300291 24.238
1712258309.082551 24.331
1712258316.103739 24.367
1712258322.975023 29.668
1712258329.77931 23.358
1712258336.577495 24.16
1712258343.467755 23.12
1712258353.60175 23.918
1712258360.420278 23.994
1712258367.376092 23.64
1712258374.300356 24.63
1712258381.07893 24.337999999999997
1712258387.965477 25.04
1712258394.76957 23.720000000000002
1712258401.488444 23.616000000000003
1712258408.464551 25.436
1712258415.465246 24.522
1712258422.277409 23.906
1712258427.988794 5785.874
1712258434.858055 5963.17
1712258442.066216 6000.82
1712258449.157781 5800.691
1712258456.045066 5820.553
1712258462.979873 5788.245
1712258469.857813 5715.607999999999
1712258476.670107 5934.313
1712258483.688908 5880.149
1712258490.652094 5700.237
1712258497.43753 5677.459
1712258504.198749 6078.294
1712258511.359098 5788.336
1712258518.230352 5746.1140000000005
1712258525.059463 5841.543
1712258531.987716 5681.7390000000005
1712258538.762747 5824.829000000001
1712258545.675262 5967.876
1712258552.725159 6015.448
1712258559.829484 5835.541
1712258566.775183 5612.673
1712258573.471464 5918.447999999999
1712258580.487525 5749.729
1712258587.326652 6092.5599999999995
1712258594.606021 5966.107
1712258601.656156 5815.222000000001
1712258608.576341 5876.192
1712258615.541285 5904.867
1712258622.565402 6024.222
1712258629.679853 5860.865000000001
1712258636.627536 5873.66
1712258643.586791 5879.763
1712258650.552264 5995.869
1712258657.634747 5758.206999999999
1712258664.475464 5593.789
1712258671.155173 5809.845
1712258678.047543 5819.038
1712258684.955019 5904.728
1712258691.955076 5889.402999999999
1712258698.935275 6144.809
1712258706.164788 5625.321
1712258712.874374 5688.998
1712258719.646311 5900.071
1712258726.635028 5748.856
1712258733.466727 5621.759
1712258740.173351 5802.264
1712258747.088579 5985.103999999999
1712258754.156793 5804.929999999999
1712258761.043325 5657.718
1712258767.79691 5877.148
1712258774.780605 5708.863
1712258781.573611 5813.914
1712258788.472725 5772.264
1712258795.340957 5815.032999999999
1712258802.239213 6003.869
1712258809.328171 5767.178000000001
1712258816.280602 5727.387000000001
1712258823.091974 3722.2019999999998
1712258828.283668 23.128
1712258834.917149 55.368
1712258841.842984 23.23
1712258848.575476 24.266
1712258855.312924 24.476000000000003
1712258862.10539 23.213
1712258868.871665 24.326
1712258875.666384 24.854999999999997
1712258882.398254 23.720000000000002
1712258889.383419 28.691000000000003
1712258896.07727 23.563000000000002
1712258903.003915 24.049999999999997
1712258909.803888 25.404
1712258916.595882 25.541
1712258923.618687 23.554
1712258930.394714 40.937
1712258937.255657 25.015
1712258944.116453 45.321
1712258951.219013 23.456
1712258958.081623 23.361
1712258965.063918 23.583
1712258971.990865 23.969
1712258978.815825 23.924999999999997
1712258987.528324 23.532
1712258994.46895 23.153
1712259001.192962 25.381999999999998
1712259007.967045 23.192
1712259014.811296 35.035999999999994
1712259021.818396 23.535
1712259028.71761 74.69000000000001
1712259035.566192 24.087
1712259042.471072 24.328
1712259049.100177 64.941
1712259055.989391 25.133
1712259062.878357 23.993000000000002
1712259068.269407 23.369999999999997
1712259075.118027 24.153000000000002
1712259082.06703 25.659000000000002
1712259088.705821 30.633
1712259095.693523 23.123
1712259102.616789 24.54
1712259109.304265 24.729999999999997
1712259116.179888 23.298
1712259123.308433 25.115
1712259130.101664 24.330000000000002
1712259136.963719 24.603
1712259143.783584 23.605999999999998
1712259153.985287 24.314
1712259160.719981 23.986
1712259167.4992 25.153
1712259174.583861 24.311
1712259181.415209 25.465
1712259188.385899 24.37
1712259195.263698 23.653
1712259202.220526 26.061
1712259209.113537 24.015
1712259216.094563 25.544
1712259222.891754 26.974
1712259229.964421 26.155
1712259236.899402 23.494999999999997
1712259243.913457 23.832
1712259250.881797 23.894
1712259257.973504 23.918
1712259264.778988 24.865000000000002
1712259271.730149 23.178
1712259278.792808 42.063
1712259285.676942 23.95
1712259292.685556 24.262
1712259299.79648 23.917
1712259306.117505 24.306
1712259311.418786 23.272000000000002
1712259318.273602 24.607
1712259325.068222 23.572
1712259331.829397 23.479
1712259338.72396 23.833
1712259345.516637 25.612
1712259352.306649 24.451
1712259359.180256 31.974000000000004
1712259366.005665 23.624
1712259372.928345 24.081000000000003
1712259379.928012 2740.793
1712259388.783729 5715.704
1712259395.646806 5917.299
1712259402.657427 5870.099999999999
1712259409.623935 5764.656999999999
1712259416.482292 5826.277
1712259423.399888 5839.3009999999995
1712259430.355201 5900.24
1712259437.342036 5810.311
1712259444.235039 5817.987999999999
1712259451.143671 5807.54
1712259458.061167 5507.747
1712259465.998401 1365.895
1712259474.006942 23.243
1712259480.892726 24.42
1712259487.891706 23.863
1712259494.780632 24.774
1712259501.72242 24.276
1712259508.67163 22.976
1712259515.41441 26.87
1712259522.407676 25.747
1712259529.284656 23.43
1712259536.187733 23.782
1712259543.181497 23.137
1712259550.096203 23.772000000000002
1712259557.118794 24.421000000000003
1712259563.969696 23.164
1712259570.825618 23.758000000000003
1712259577.664096 23.973000000000003
1712259584.527851 24.267
1712259591.60467 24.381
1712259598.295285 24.666
1712259605.096846 24.093
1712259612.004599 47.835
1712259618.872645 29.651
1712259625.747072 23.428
1712259632.525519 24.687
1712259639.288823 24.412
1712259646.214183 23.546
1712259653.104396 25.639
1712259659.924578 23.491999999999997
1712259667.086109 24.562
1712259674.01127 23.659
1712259680.871555 22.996
1712259687.795487 24.137
1712259694.697033 38.116
1712259701.394875 24.358
1712259708.270841 22.622
1712259715.400333 23.216
1712259722.079576 24.003
1712259728.909878 22.211000000000002
1712259735.918619 242.091
1712259742.883563 75.979
1712259750.514757 42.050999999999995
1712259757.467538 23.792
1712259764.405783 23.554
1712259771.30514 24.0
1712259778.126828 22.306
1712259784.892885 3181.278
1712259789.161573 5728.212
1712259795.974908 5810.304999999999
1712259802.871562 5870.466
1712259809.827087 5824.6669999999995
1712259816.765111 5678.838
1712259823.533536 5805.65
1712259830.429518 5756.4130000000005
1712259837.26796 5796.661
1712259844.150673 5798.174
1712259851.264016 5836.643
1712259858.193725 5867.688
1712259865.148493 5627.848
1712259871.865161 5821.022
1712259878.779455 5635.891
1712259886.109578 5934.911999999999
1712259893.132965 5838.567
1712259900.076725 5721.305
1712259906.881053 5790.3589999999995
1712259913.761169 5880.8769999999995
1712259921.049148 5908.142
1712259928.049955 5930.081
1712259935.065907 5717.468
1712259941.869176 5880.2570000000005
1712259948.835824 5828.109
1712259955.748963 5920.377
1712259962.760188 5800.589000000001
1712259969.645554 5699.208
1712259976.428135 5911.072
1712259983.426988 5912.658
1712259990.425893 5869.157
1712259997.380503 5869.441
1712260004.348054 5918.219
1712260011.3492 5901.237
1712260018.341668 5636.993
1712260025.068988 24.119
1712260029.075846 23.903000000000002
1712260035.868519 24.985
1712260042.78268 31.981
1712260049.435878 24.173000000000002
1712260056.398749 27.615000000000002
1712260063.271599 23.644
1712260069.995675 23.407
1712260076.767015 24.048
1712260083.492084 23.619999999999997
1712260090.167375 39.074
1712260096.992704 24.438000000000002
1712260103.68732 5781.794
1712260113.970933 5688.183
1712260120.750068 6075.316
1712260127.928292 5897.814
1712260135.104358 5992.292
1712260142.181516 5809.3859999999995
1712260149.076987 5898.949
1712260156.060809 5715.607999999999
1712260162.877344 5676.42
1712260169.641279 5822.1449999999995
1712260176.548592 5782.829000000001
1712260183.477591 5800.529
1712260190.372658 5795.445
1712260197.25011 5843.652
1712260204.18412 5707.553
1712260210.971828 5691.2
1712260218.257005 5720.258000000001
1712260225.059396 5788.185
1712260231.935601 5625.787
1712260239.965034 5836.737
1712260246.886656 5845.221
1712260254.095789 5663.476000000001
1712260260.844872 5000.567
1712260270.998333 23.807
1712260277.7812 23.380000000000003
1712260284.421252 23.564
1712260291.273571 23.794
1712260298.578559 28.157999999999998
1712260305.291159 127.64500000000001
1712260312.365672 314.061
1712260319.514679 23.916
1712260326.285894 25.505
1712260332.972452 24.512
1712260339.893351 254.425
1712260346.9911 24.438000000000002
1712260353.979089 22.828999999999997
1712260360.916913 25.131
1712260367.819779 30.186999999999998
1712260374.696841 24.039
1712260381.514689 37.282000000000004
1712260388.32049 24.232
1712260395.399775 24.080000000000002
1712260402.367169 23.54
1712260409.188157 25.729
1712260416.216421 23.132
1712260423.172564 203.186
1712260428.492021 5698.197999999999
1712260435.275566 5690.169
1712260442.070893 5875.474999999999
1712260449.034452 5743.367
1712260455.863129 5624.161
1712260462.586953 5885.295
1712260469.561826 5799.603
1712260476.444849 5705.942
1712260483.233572 5997.511
1712260490.329641 5549.423
1712260496.966147 5673.043
1712260503.743496 3702.1009999999997
1712260514.296804 24.267
1712260521.101813 24.391
1712260527.876546 23.604
1712260534.641573 23.855
1712260541.475502 24.084
1712260548.164039 23.816
1712260555.114484 22.662000000000003
1712260561.9651 24.062
1712260573.864407 23.512999999999998
1712260580.710334 24.081000000000003
1712260587.774342 24.813000000000002
1712260594.619275 22.893
1712260601.476078 24.182
1712260602.599354 24.535
1712260609.601169 24.002
1712260616.319487 25.765
1712260623.170947 25.572999999999997
1712260630.024063 30.508
1712260636.834898 23.55
1712260643.606944 24.059
1712260650.702507 26.504
1712260657.696356 25.285999999999998
1712260664.407662 2095.7129999999997
1712260668.56574 5977.908
1712260675.630484 5807.349
1712260682.555974 5820.848
1712260689.461528 5797.548
1712260696.351501 5904.2919999999995
1712260703.369612 5793.6990000000005
1712260710.25631 5671.006
1712260717.055063 5735.499
1712260723.883926 5909.893
1712260730.874794 5818.277
1712260737.779406 5762.352
1712260745.416139 2178.848
1712260753.69667 25.522
1712260760.684144 24.299999999999997
1712260767.689704 34.032
1712260774.484986 24.105
1712260781.409041 22.824
1712260788.326191 31.854
1712260795.207227 24.259
1712260802.207912 29.781
1712260809.612767 23.817
1712260816.262714 23.41
1712260823.181061 23.811
1712260828.620629 24.892
1712260835.520953 59.9
1712260842.527214 23.828
1712260849.780945 24.86
1712260856.507209 57.763000000000005
1712260863.49993 24.19
1712260870.414568 23.397000000000002
1712260877.30973 25.237
1712260884.278744 25.487
1712260891.037897 24.757
1712260897.973608 23.706999999999997
1712260904.906799 23.85
1712260911.876405 23.41
1712260918.622891 24.77
1712260925.565905 28.569
1712260932.427181 24.692
1712260939.10006 23.980999999999998
1712260945.699279 23.73
1712260952.593817 24.13
1712260959.464131 25.528
1712260966.40353 58.448
1712260973.329558 24.837
1712260980.032205 23.247
1712260986.867418 24.648
1712260993.631781 23.578000000000003
1712261000.49536 23.886999999999997
1712261007.401238 23.237000000000002
1712261014.306966 23.803
1712261021.169063 23.679
1712261028.200182 25.85
1712261035.093546 24.369
1712261041.885544 25.023
1712261048.66578 24.137
1712261055.399114 25.862
1712261062.222184 4982.732999999999
1712261072.76965 5905.47
1712261079.760018 5743.927000000001
1712261086.586903 5854.875
1712261093.527181 5731.94
1712261100.343368 5809.599
1712261107.237832 5805.839
1712261114.131251 5660.425
1712261120.872608 5826.386
1712261127.783753 5881.813
1712261134.748616 5727.911
1712261141.602816 5987.436
1712261148.674399 5859.487
1712261155.632022 5840.393
1712261162.554379 5899.1990000000005
1712261169.539617 5741.412
1712261176.37298 5817.715999999999
1712261183.310525 5936.876
1712261190.359237 5900.515
1712261197.343623 5816.693
1712261204.256197 5805.799
1712261211.152089 5796.395
1712261218.038251 5843.122
1712261224.98366 6066.830000000001
1712261232.134487 5717.038
1712261238.947703 5930.226000000001
1712261245.965486 5827.457
1712261252.875528 5978.273
1712261259.93911 5848.356
1712261266.871808 6224.394
1712261274.187598 5778.823
1712261281.051 5728.048000000001
1712261287.861491 5787.744
1712261294.734575 5718.206
1712261301.537787 4615.9039999999995
1712261307.252033 23.131
1712261313.663715 24.061
1712261320.563531 24.6
1712261327.377716 23.643
1712261334.099423 24.304
1712261340.911182 24.442999999999998
1712261347.710317 24.357
1712261354.420182 24.997
1712261361.291726 23.711
1712261368.1745 23.732
1712261374.97777 23.787
1712261381.775171 4251.23
