1712246894.618426 23.91
1712246901.378823 24.54
1712246911.837573 25.814
1712246918.629121 24.549999999999997
1712246925.630532 24.209
1712246932.566328 24.941000000000003
1712246939.425996 22.945
1712246946.257483 43.149
1712246953.092175 25.482000000000003
1712246960.049029 23.743
1712246966.936235 23.819
1712246973.744506 23.641
1712246980.565161 23.730999999999998
1712246987.43564 25.136
1712246994.309113 24.04
1712247001.321474 28.471
1712247008.342818 23.551
1712247015.355365 23.726
1712247022.247528 23.868000000000002
1712247029.37471 23.719
1712247036.278285 23.514
1712247043.284748 23.48
1712247050.142258 23.677
1712247057.127911 2131.6389999999997
1712247065.673921 5767.134999999999
1712247072.518704 5889.071000000001
1712247079.490354 5718.187999999999
1712247086.290116 5831.753
1712247093.203773 5897.873
1712247100.180871 5597.643
1712247106.88125 6036.269
1712247114.003725 5718.384999999999
1712247120.80834 5586.176
1712247127.497437 5589.52
1712247134.172132 5809.02
1712247141.065146 5774.808
1712247147.923234 5786.412
1712247154.803872 5778.2
1712247161.66486 5757.423
1712247168.515673 5876.749
1712247175.475314 5968.613
1712247182.525316 5802.179
1712247189.411885 5699.804
1712247196.215776 5788.152
1712247203.085763 5795.192
1712247209.982085 5906.558999999999
1712247216.96927 5919.941
1712247223.980683 5849.198
1712247230.913528 5919.148
1712247237.920335 5901.842000000001
1712247244.905647 5891.202
1712247251.879219 5704.357
1712247258.665413 5734.277
1712247265.485821 5714.4490000000005
1712247272.289806 5720.015
1712247279.098077 5942.368
1712247286.121559 5482.02
1712247292.686803 5733.571000000001
1712247299.499466 5800.522
1712247306.382971 5618.628000000001
1712247313.085548 5921.022
1712247320.093868 5615.795
1712247326.813197 5759.947999999999
1712247333.687108 5812.726
1712247340.596441 5727.299999999999
1712247347.405566 5740.081
1712247354.22551 5768.011
1712247361.077079 5811.195
1712247367.973443 5811.648
1712247374.876137 5764.396
1712247381.725087 5800.676
1712247388.608713 5716.993
1712247395.406733 5682.416
1712247402.19681 5984.216
1712247409.26538 5763.358
1712247416.109225 5788.531
1712247422.987626 5842.796
1712247429.911524 5739.731
1712247436.730706 5705.263999999999
1712247443.523653 5616.172
1712247450.223429 5772.026999999999
1712247457.077363 5330.09
1712247463.493184 22.822
1712247468.04438 23.466
1712247475.084814 24.725
1712247482.041999 25.029
1712247488.871422 34.768
1712247495.798438 25.27
1712247502.782201 24.599
1712247509.447772 24.13
1712247516.474513 24.544
1712247523.555903 23.924999999999997
1712247530.374151 24.68
1712247537.341202 24.872
1712247544.300718 24.101999999999997
1712247551.152554 23.575
1712247557.847072 24.079
1712247564.774503 24.42
1712247571.553566 26.587
1712247578.571892 23.921999999999997
1712247585.54966 23.453000000000003
1712247592.628707 24.302
1712247599.539589 24.79
1712247606.537974 25.025
1712247613.533376 24.685
1712247620.374345 24.225
1712247626.159185 25.526
1712247632.888932 23.766
1712247639.599355 23.317999999999998
1712247646.27285 23.851
1712247652.987303 23.934
1712247659.816089 27.171
1712247666.493499 23.914
1712247673.375296 25.278
1712247680.273604 24.526
1712247687.196394 32.127
1712247694.094775 24.264
1712247700.91659 5879.868
1712247712.281962 5829.6
1712247719.197912 5910.866
1712247726.194077 5921.901
1712247733.19515 5793.52
1712247740.07232 5620.855
1712247746.794824 5750.828
1712247753.626275 5683.25
1712247760.394048 5893.363
1712247767.368345 5849.822999999999
1712247774.298362 5689.362
1712247781.089776 4422.159
1712247786.603377 23.886999999999997
1712247793.525146 23.709
1712247799.997059 23.619999999999997
1712247806.799941 23.334
1712247813.685118 23.896
1712247820.336266 25.197
1712247827.108514 24.004
1712247833.902929 24.437
1712247840.600446 24.331
1712247847.396738 24.825
1712247854.220315 24.891
1712247861.011779 24.035
1712247867.772478 23.684
1712247874.681206 24.02
1712247881.392433 23.43
1712247888.089752 24.921
1712247894.819184 24.647
1712247901.717544 30.221999999999998
1712247908.488077 26.369
1712247915.392154 23.151999999999997
1712247922.174504 33.34
1712247928.889836 24.128
1712247935.783148 320.26300000000003
1712247942.683628 5098.956
1712247951.703918 5750.04
1712247958.535809 5793.981
1712247965.417529 5801.942
1712247972.30319 5791.204
1712247979.175989 5940.33
1712247986.197476 5637.135
1712247992.934335 5870.377
1712247999.887398 5828.41
1712248006.795664 5752.268
1712248013.627087 5899.322
1712248020.613293 5882.348
1712248027.584711 5834.901000000001
1712248034.508941 5791.406
1712248041.390901 5809.8679999999995
1712248048.282418 5709.568
1712248055.076059 5830.292
1712248062.005409 5788.4349999999995
1712248068.879297 5812.512
1712248075.774368 5652.896
1712248082.511329 5784.224
1712248089.376595 5647.477
1712248096.109024 5512.982
1712248102.706294 635.24
1712248106.710862 23.221
1712248113.388036 26.822
1712248120.130655 36.599
1712248126.810904 23.939999999999998
1712248133.396353 24.0
1712248140.294632 24.251
1712248146.991432 23.349999999999998
1712248153.719944 24.198999999999998
1712248160.466799 22.849999999999998
1712248167.168539 22.977999999999998
1712248174.112452 23.151
1712248180.87149 24.251
1712248191.974319 23.044999999999998
1712248198.763443 24.116
1712248205.865009 32.133
1712248212.673609 48.08
1712248219.478382 26.729
1712248226.262499 25.123
1712248233.181566 24.032999999999998
1712248240.058761 24.423000000000002
1712248246.854847 23.647000000000002
1712248253.845762 23.548
1712248260.785788 23.711
1712248267.647985 23.359
1712248274.382625 24.42
1712248281.360448 24.375
1712248288.230126 31.886
1712248295.247586 24.334000000000003
1712248302.164192 34.585
1712248308.856887 23.785
1712248315.837506 23.828
1712248322.741327 24.605999999999998
1712248329.386689 25.54
1712248336.27149 1258.1109999999999
1712248344.283426 5715.259
1712248352.395398 5684.952
1712248359.163607 5633.845
1712248365.881143 6001.894
1712248372.972447 5712.570000000001
1712248379.767685 5638.676
1712248386.502135 5695.222000000001
1712248393.314664 5725.146
1712248400.121097 5824.034000000001
1712248407.025117 5762.468
1712248413.870887 5871.169
1712248420.825602 5708.3589999999995
1712248427.617253 5971.669000000001
1712248434.672849 5756.934
1712248441.513603 5883.072
1712248448.478297 5942.302
1712248455.507134 5790.727000000001
1712248462.382091 5705.497
1712248469.16995 5767.073
1712248476.018375 5811.606000000001
1712248482.912682 5788.877
1712248489.787743 5632.176
1712248496.5059 5877.883
1712248503.479157 5913.898999999999
1712248510.472988 5845.259999999999
1712248517.397128 5802.5599999999995
1712248524.279339 5706.134
1712248531.068668 5906.007
1712248538.055686 5790.672
1712248544.92694 5860.490000000001
1712248551.872895 5914.042
1712248558.88561 5686.522
1712248565.683772 5813.036
1712248572.578956 5928.326
1712248579.589237 4715.4
1712248585.394282 24.192999999999998
1712248591.917564 22.971
1712248598.806775 23.899
1712248605.671943 23.935000000000002
1712248612.425555 24.758
1712248619.112412 24.23
1712248625.881647 24.457
1712248632.713605 24.802
1712248639.585227 24.575
1712248646.475561 24.126
1712248653.406922 23.845000000000002
1712248660.195224 23.757
1712248667.073025 25.79
1712248673.870717 33.308
1712248680.534425 23.991
1712248687.473509 24.403000000000002
1712248693.964028 23.113000000000003
1712248700.520929 23.852999999999998
1712248707.239908 23.839
1712248713.977308 23.215
1712248720.780147 24.072
1712248727.601578 23.089
1712248734.466987 24.116
1712248741.368566 23.886999999999997
1712248752.452574 23.901
1712248759.356154 24.238
1712248766.374987 24.044
1712248773.069479 33.124
1712248780.061635 23.869
1712248786.958708 42.595
1712248793.957555 23.542
1712248800.876023 24.132
1712248807.688968 23.824
1712248814.454348 24.580000000000002
1712248821.348589 24.486
1712248826.87845 25.753999999999998
1712248833.521404 24.567999999999998
1712248840.324735 23.992
1712248847.112734 27.048
1712248854.033739 24.372999999999998
1712248860.804036 23.258999999999997
1712248867.608497 24.105
1712248874.394567 24.897
1712248881.262132 23.25
1712248888.098069 23.229
1712248894.888457 25.201999999999998
1712248901.507354 23.623
1712248911.937677 24.392
1712248918.749042 25.198999999999998
1712248925.628319 24.847
1712248932.585726 24.156
1712248939.438498 24.457
1712248946.190625 23.518
1712248953.07249 27.772000000000002
1712248960.03089 23.022000000000002
1712248966.935596 23.521
1712248973.981643 24.319
1712248981.13964 5617.5779999999995
1712248992.498897 5810.429
1712248999.397949 5718.124000000001
1712249006.222241 5797.035
1712249013.101816 5990.068
1712249020.174414 5724.0650000000005
1712249026.981283 5850.544
1712249033.923683 5882.027
1712249040.892517 5733.887000000001
1712249047.705612 5788.612999999999
1712249054.576493 5743.987
1712249061.401022 4175.37
1712249066.780169 23.599
1712249073.728089 24.394
1712249080.564493 32.867
1712249087.34942 24.847
1712249094.168064 23.872
1712249101.133615 23.734
1712249108.06168 23.893
1712249114.865683 23.911
1712249121.748332 23.756
1712249128.576625 23.668000000000003
1712249135.535122 23.949
1712249142.486239 23.89
1712249146.800516 23.855999999999998
1712249153.604692 26.061
1712249160.493554 24.767999999999997
1712249167.371416 23.136
1712249174.192215 24.552
1712249181.063683 27.968
1712249187.785179 24.915
1712249194.684569 23.804
1712249201.70795 23.947
1712249208.371284 23.618
1712249215.183634 23.744999999999997
1712249222.105071 23.634999999999998
1712249232.365641 25.134
1712249239.176724 25.295
1712249246.247149 23.555
1712249253.159979 23.529
1712249260.052751 23.879
1712249267.061151 23.401000000000003
1712249274.159104 91.63399999999999
1712249280.937345 23.314999999999998
1712249287.939188 22.826
1712249294.764891 23.785
1712249301.840675 5687.0960000000005
1712249312.496747 5622.8730000000005
1712249319.205532 5722.254999999999
1712249326.009625 6008.753
1712249333.098107 5792.9529999999995
1712249339.974844 5814.439
1712249346.872013 5835.845
1712249353.789286 5843.076
1712249360.716565 5817.070000000001
1712249367.619246 5952.905000000001
1712249374.675065 5732.706
1712249381.489552 3954.804
1712249386.890756 25.008
1712249393.89118 23.621
1712249400.857515 23.531
1712249407.644676 23.668000000000003
1712249414.482787 24.967
1712249421.326841 24.535999999999998
1712249428.286872 24.622
1712249435.240813 25.872
1712249441.983351 24.645
1712249449.155767 23.676
1712249455.932242 31.732000000000003
1712249462.713496 23.615000000000002
1712249466.952197 23.615000000000002
1712249473.702524 25.124
1712249480.505571 24.062
1712249487.308504 24.277
1712249494.206488 23.529
1712249501.008712 23.674
1712249507.810946 24.032
1712249514.509016 24.01
1712249521.366932 23.689999999999998
1712249528.287644 23.403
1712249534.971686 23.723000000000003
1712249541.874431 23.59
1712249548.692336 24.19
1712249555.57282 24.625999999999998
1712249562.495389 23.898
1712249569.380413 25.683999999999997
1712249576.202837 29.537999999999997
1712249583.015159 23.653
1712249590.063501 24.26
1712249596.871517 24.466
1712249603.678899 24.160999999999998
1712249610.689471 24.788
1712249617.672399 2316.68
1712249626.319662 5829.763
1712249633.231097 5901.19
1712249640.215867 5811.103
1712249647.107446 5695.442
1712249653.889911 5835.027
1712249660.80686 5908.302
1712249667.797552 5646.42
1712249674.529663 5896.186
1712249681.505636 5825.795
1712249688.416673 5803.7789999999995
1712249695.305225 5886.021000000001
1712249702.270183 1953.0590000000002
1712249706.792771 23.504
1712249713.68812 36.339000000000006
1712249720.401353 23.553
1712249727.29073 24.181
1712249734.136126 24.762
1712249741.08249 23.898
1712249747.974416 22.814
1712249754.959685 24.604
1712249761.865686 28.71
1712249768.846062 24.941000000000003
1712249775.775592 58.576
1712249782.693997 23.604
1712249786.931336 26.041
1712249793.766964 23.636
1712249800.573336 24.011000000000003
1712249807.180279 24.233999999999998
1712249813.933186 24.783
1712249820.787691 23.324
1712249827.387277 25.415
1712249834.282428 25.349
1712249841.001504 24.058
1712249847.701098 23.188
1712249854.58965 24.105
1712249861.612272 5909.188999999999
1712249872.764241 5772.125
1712249879.616216 5907.763
1712249886.611826 5895.042
1712249893.594597 5824.565
1712249900.500682 5742.35
1712249907.326709 6368.378
1712249914.780878 5735.491
1712249921.601474 5890.888999999999
1712249928.620426 5870.447
1712249935.577554 5839.178000000001
1712249942.499071 1798.8619999999999
1712249946.99301 23.111
1712249953.772329 24.377
1712249960.513075 23.990000000000002
1712249967.208316 23.459
1712249974.083272 24.149
1712249980.819479 24.581
1712249987.70863 24.76
1712249994.6165 24.603
1712250001.492276 25.233999999999998
1712250008.466887 24.002
1712250015.31464 24.526
1712250022.185671 5673.759
1712250032.566463 5818.709
1712250039.466602 5815.202
1712250046.378029 5863.18
1712250053.323446 5816.7080000000005
1712250060.265006 5733.757
1712250067.085265 5717.489
1712250073.884344 5647.831
1712250080.616439 5851.19
1712250087.587434 5900.344999999999
1712250094.571009 5812.674
1712250101.468478 4241.943
1712250106.945885 23.684
1712250113.954448 24.125
1712250120.752694 24.877
1712250127.642096 23.628
1712250134.637821 23.419999999999998
1712250141.45353 23.562
1712250148.440018 24.022000000000002
1712250155.253514 27.722
1712250162.434806 25.058
1712250169.383205 23.026999999999997
1712250176.254148 23.316
1712250183.096945 22.965
1712250187.039247 24.337
1712250193.800687 24.917
1712250200.569137 23.501
1712250207.370523 23.571
1712250214.200472 23.484
1712250221.060496 25.04
1712250227.88844 24.817
1712250234.617212 24.329
1712250241.406261 31.496000000000002
1712250248.269745 23.816
1712250254.990375 24.334000000000003
1712250261.711119 270.055
1712250272.833529 25.578
1712250279.563523 24.562
1712250286.43164 23.153
1712250293.356503 38.342
1712250300.252284 23.630000000000003
1712250307.040354 26.469
1712250313.885047 23.732
1712250320.784916 23.682000000000002
1712250327.764616 23.413
1712250334.76448 24.521
1712250341.73548 5567.709
1712250352.534302 5772.636
1712250359.390561 5977.967
1712250366.466208 5760.438
1712250373.307931 5820.735
1712250380.211506 5802.044000000001
1712250387.109537 5728.755999999999
1712250393.923125 5784.236
1712250400.789593 5657.411
1712250407.526164 6017.706
1712250414.625678 5865.751
1712250421.570491 5866.798
1712250428.521195 5958.05
1712250435.562307 5781.359
1712250442.424007 5865.776000000001
1712250449.372786 5811.4400000000005
1712250456.28252 5918.693
1712250463.286825 5844.708
1712250470.213438 5812.663
1712250477.110905 5812.196
1712250484.009574 5777.659
1712250490.869574 5765.186
1712250497.717567 5874.605
1712250504.674398 5816.297
1712250511.589509 5843.219999999999
1712250518.521447 5860.334
1712250525.472304 5950.893
1712250532.505493 5869.492
1712250539.472561 5842.052
1712250546.397344 5904.472
1712250553.383145 5816.093000000001
1712250560.280885 5823.151
1712250567.19397 5816.562
1712250574.091705 5800.307
1712250580.978508 4544.168
1712250586.606565 24.439
1712250593.626927 24.153000000000002
1712250600.443979 24.580000000000002
1712250607.37352 23.795
1712250614.289096 24.11
1712250621.228304 26.554000000000002
1712250628.135803 22.68
1712250635.066696 23.997999999999998
1712250641.931662 23.909
1712250648.939304 25.378
1712250655.878034 233.869
1712250662.975881 5638.73
1712250672.575354 5750.369
1712250679.409528 5685.67
1712250686.17721 5708.257
1712250692.992659 5810.584000000001
1712250699.892278 5828.490000000001
1712250706.801505 5900.354
1712250713.78465 5710.489
1712250720.574569 5732.1410000000005
1712250727.391305 5730.475
1712250734.209549 5708.647
1712250741.001243 4604.518
1712250746.692078 23.834
1712250753.584941 26.948
1712250760.467511 23.744
1712250767.477523 24.908
1712250774.432579 24.007
1712250781.141745 23.319
1712250787.972431 31.055
1712250794.883143 24.027
1712250801.68329 24.173000000000002
1712250808.441423 24.182
1712250815.33502 24.307
1712250821.985685 5212.295
1712250832.122549 5770.759
1712250838.981157 5741.143
1712250845.829446 5480.900000000001
1712250852.398057 6111.2080000000005
1712250859.622713 5883.355
1712250866.590437 5646.097
1712250873.31861 5798.648
1712250880.205575 5822.939
1712250887.111835 5777.079
1712250893.971751 5710.0419999999995
1712250900.766638 5851.092000000001
1712250907.699042 5697.245
1712250914.47582 5892.807000000001
1712250921.480564 5654.322999999999
1712250928.214637 5698.128
1712250935.007853 5795.3910000000005
1712250941.886814 5831.741
1712250948.80112 5822.861
1712250955.704206 5622.6669999999995
1712250962.43339 5799.736
1712250969.36384 5732.229
1712250976.173481 5777.933
1712250983.065035 1112.588
1712250987.262325 23.632
1712250994.160393 22.947
1712251000.962398 24.775
1712251007.703466 24.695
1712251014.60412 24.016
1712251021.492855 30.133
1712251028.291674 24.108
1712251035.095922 24.312
1712251041.806085 23.398
1712251048.562043 50.413
1712251055.589482 23.911
1712251062.471787 24.730999999999998
1712251072.839856 44.199000000000005
1712251079.78103 23.7
1712251086.74403 23.938000000000002
1712251093.651756 25.453
1712251100.683902 24.391
1712251107.470675 25.055
1712251114.364704 23.767
1712251121.278855 24.225
1712251128.246362 24.108
1712251135.054057 23.878
1712251141.885023 5680.094999999999
1712251152.785686 5723.583
1712251159.594727 5732.748
1712251166.408625 5880.396
1712251173.376769 5853.857
1712251180.315038 5768.298
1712251187.17078 5938.347000000001
1712251194.191295 5806.099999999999
1712251201.08279 5643.177
1712251207.81163 5868.162
1712251214.783647 5713.110000000001
1712251221.593581 4331.138
1712251227.075074 27.448
1712251233.971514 23.32
1712251240.84723 25.619
1712251247.644704 45.946
1712251254.373799 24.817
1712251261.280127 23.844
1712251268.089068 24.240000000000002
1712251274.975421 25.803
1712251281.829056 23.914
1712251288.581185 35.441
1712251295.57961 24.266
1712251302.633431 23.434
1712251306.97233 24.366
1712251313.719542 24.055
1712251320.514885 23.705000000000002
1712251327.376442 23.329
1712251334.173126 25.276
1712251340.98026 23.634999999999998
1712251347.89892 22.926
1712251354.860965 24.975
1712251361.72193 24.249
1712251368.56918 24.089
1712251375.475383 29.562
1712251382.576869 5777.764
1712251392.684406 5716.701999999999
1712251399.488771 5710.302000000001
1712251406.280976 5919.518
1712251413.27899 5753.453
1712251420.116715 5721.616
1712251426.92078 5988.039
1712251433.999456 5815.664
1712251440.901119 5810.856000000001
1712251447.801173 5918.046
1712251454.800734 5727.483
1712251461.608634 4530.687
1712251467.236442 23.578000000000003
1712251473.985562 24.514
1712251480.828392 23.961
1712251487.687478 25.299
1712251494.592824 24.111
1712251501.284064 23.988
1712251508.077639 23.573
1712251514.9745 23.423
1712251521.866348 23.404
1712251528.853459 25.758
1712251535.733548 23.98
1712251542.5638 24.150000000000002
1712251549.353679 24.627
1712251556.261594 23.247
1712251563.153526 24.431
1712251569.866451 23.494999999999997
1712251576.941104 23.917
1712251583.74476 24.225
1712251590.77758 23.508000000000003
1712251597.754379 24.621000000000002
1712251604.571185 25.031000000000002
1712251611.483784 24.249
1712251618.372054 2917.813
1712251627.575887 5716.725
1712251634.3764 5739.694
1712251641.197383 5817.379
1712251648.101492 5713.391
1712251654.900533 5818.0779999999995
1712251661.802402 5652.966
1712251668.564229 5836.763999999999
1712251675.496068 5711.807000000001
1712251682.293767 5915.136
1712251689.291203 5701.285000000001
1712251696.080017 5657.809
1712251702.819244 1533.53
1712251707.084172 24.142
1712251713.910151 24.022000000000002
1712251720.866263 23.384999999999998
1712251727.471457 23.965
1712251734.236731 23.955000000000002
1712251741.113959 24.532
1712251747.723228 23.929
1712251754.560461 23.124
1712251761.376367 24.889000000000003
1712251768.066352 24.163
1712251774.999728 24.17
1712251781.915109 5678.029
1712251792.717528 5780.576
1712251799.585609 5732.291
1712251806.397889 5698.456
1712251813.188022 5899.287
1712251820.169522 5784.9310000000005
1712251827.065449 5740.077
1712251833.894363 5810.651
1712251840.796241 5742.293
1712251847.619536 5983.308
1712251854.688137 5785.824
1712251861.581072 5605.061
1712251868.267893 5717.045
1712251875.101146 5768.452
1712251881.97859 5622.353
1712251888.687136 5745.651
1712251895.517486 5887.11
1712251902.487406 5561.479
1712251909.1294 5764.808999999999
1712251915.979735 5823.646
1712251922.891719 5729.546
1712251929.704264 5581.172
1712251936.367243 5754.629000000001
1712251943.201253 1028.6660000000002
1712251947.039396 24.108
1712251953.930729 25.959
1712251960.844107 24.365000000000002
1712251967.734118 25.578
1712251974.53756 25.011
1712251981.559933 23.705000000000002
1712251988.455789 23.365000000000002
1712251995.368456 39.377
1712252002.154321 23.77
1712252008.97829 23.477999999999998
1712252015.861664 132.49
1712252022.896297 5770.003
1712252032.83888 5694.7609999999995
1712252039.62301 5883.878000000001
1712252046.591661 5814.213
1712252053.486471 5754.687
1712252060.322235 5878.237
1712252067.284025 5738.803
1712252074.109538 5628.411
1712252080.823374 5875.938
1712252087.78246 5846.476
1712252094.712215 5815.98
1712252101.610398 5922.121
1712252108.673849 5755.249
1712252115.515468 5503.378
1712252122.111378 5727.411
1712252128.91803 5773.662
1712252135.77202 5659.405
1712252142.515366 5778.3189999999995
1712252149.377291 5868.829
1712252156.329647 5750.903
1712252163.163826 5818.353
1712252170.078269 5732.736
1712252176.921937 5710.672
1712252183.711133 5889.534000000001
1712252190.706903 5809.475
1712252197.600545 5773.268
1712252204.483677 5934.332
1712252211.501494 5725.918
1712252218.30815 5811.835999999999
1712252225.20153 5816.3099999999995
1712252232.105238 5864.352
1712252239.079938 5640.104
1712252245.800977 5794.914000000001
1712252252.683091 5922.907
1712252259.693982 5012.8
1712252265.805151 23.054000000000002
1712252272.328591 23.261
1712252279.259621 23.237000000000002
1712252286.142308 27.617
1712252293.031262 24.122
1712252299.938896 23.953
1712252306.980315 24.249
1712252313.973383 24.034
1712252320.787591 24.334999999999997
1712252327.68552 23.917
1712252334.627255 23.802
1712252341.588782 24.316999999999997
1712252348.436567 33.237
1712252355.438463 24.615000000000002
1712252362.26743 24.325
1712252369.344904 25.104000000000003
1712252376.362393 23.571
1712252383.287005 23.281
1712252390.3691 24.843
1712252397.442346 23.408
1712252404.539075 24.439
1712252411.540319 24.643
1712252418.44836 3020.2309999999998
1712252427.887763 5732.584
1712252434.717523 5873.4529999999995
1712252441.672118 5814.383000000001
1712252448.569192 5957.491
1712252455.621891 5823.956
1712252462.528928 5917.706
1712252469.530561 5919.692999999999
1712252476.534766 5863.739
1712252483.486017 5923.114
1712252490.490507 5914.753
1712252497.488027 5536.035
1712252504.163619 24.201
1712252509.142426 24.261000000000003
1712252515.982462 22.671
1712252522.882627 25.059
1712252529.836769 24.421000000000003
1712252536.767791 24.592
1712252543.58678 24.358999999999998
1712252550.749565 25.058
1712252557.630165 24.672
1712252564.474314 23.52
1712252571.476571 23.91
1712252578.347892 24.612
1712252585.279688 23.434
1712252592.332922 23.222
1712252599.385211 24.219
1712252606.327651 24.851000000000003
1712252613.469149 25.645999999999997
1712252620.493569 26.756999999999998
1712252627.639064 23.116999999999997
1712252634.534371 23.224
1712252641.551329 30.174
1712252648.366711 29.076
1712252655.266435 24.337999999999997
1712252662.227316 22.738
1712252667.373198 23.823
1712252674.276526 23.7
1712252681.074579 23.912
1712252687.871591 24.147
1712252694.70295 23.09
1712252701.563853 23.724999999999998
1712252708.37879 23.833
1712252715.315977 31.654
1712252722.395758 24.028000000000002
1712252729.099864 24.261000000000003
1712252735.916939 23.768
1712252742.882514 24.459000000000003
1712252752.859291 23.379
1712252759.736281 24.289
1712252766.59402 23.814999999999998
1712252773.579258 23.730999999999998
1712252780.63081 23.479
1712252787.62866 24.812
1712252794.83317 24.025000000000002
1712252801.760447 25.718
1712252808.662532 23.537
1712252815.674725 23.072
1712252822.549158 5552.676
1712252833.069405 5526.383
1712252839.684406 5648.734
1712252846.417364 5621.276
1712252853.125086 5681.1410000000005
1712252859.889275 5900.88
1712252866.878881 6112.414000000001
1712252874.079396 5890.829
1712252881.069759 5821.159
1712252887.974306 5809.317
1712252894.895457 5753.673
1712252901.730783 4405.528
1712252907.229667 24.774
1712252914.173532 24.002
1712252920.804447 23.730999999999998
1712252927.483819 22.536
1712252934.371885 23.45
1712252941.366114 24.294
1712252948.097621 23.317999999999998
1712252955.00306 23.772000000000002
1712252961.866149 24.743000000000002
1712252968.704161 22.959
1712252975.612348 23.615000000000002
1712252982.46466 24.004
1712252992.939134 23.727999999999998
1712252999.876728 23.872
1712253006.773428 25.765
1712253013.559112 23.662
1712253020.33491 25.188
1712253027.445328 23.964
1712253034.352346 23.509999999999998
1712253041.175342 25.328
1712253047.96988 24.035
1712253054.759164 51.588
1712253061.571606 5190.794000000001
1712253072.620367 5864.966
1712253079.624248 5652.046
1712253086.381113 5656.652
1712253093.121978 5731.699
1712253099.965146 5939.612
1712253107.014292 5650.592
1712253113.768125 5750.238
1712253120.602604 5681.156
1712253127.366893 5768.54
1712253134.21781 5725.827
1712253141.026472 4805.959
1712253146.912634 23.877
1712253153.708859 25.516000000000002
1712253160.593234 26.996
1712253167.274473 23.528
1712253174.071589 22.773999999999997
1712253180.994839 24.892
1712253187.800242 24.119999999999997
1712253194.670235 28.77
1712253201.584347 24.698999999999998
1712253208.476769 32.849999999999994
1712253215.294615 25.508
1712253222.191042 23.723000000000003
1712253228.981092 23.855
1712253235.710813 24.525000000000002
1712253242.57787 24.017
1712253249.583819 24.052
1712253256.311848 24.087999999999997
1712253263.302888 36.831
1712253270.283965 24.054
1712253277.205379 23.934
1712253283.997609 24.81
1712253290.762322 23.913
1712253297.494258 24.084
1712253304.403181 23.085
1712253311.270196 25.6
1712253318.218587 24.081000000000003
1712253324.963588 27.88
1712253331.899331 23.57
1712253338.885108 23.48
1712253345.58854 23.357
1712253352.611846 24.289
1712253359.576428 27.375
1712253366.405995 23.607
1712253373.396893 25.605
1712253380.119813 25.297
1712253390.347014 24.135
1712253397.168758 24.784
1712253404.0663 26.971
1712253411.142895 23.845000000000002
1712253417.933414 23.895
1712253424.762062 24.001
1712253431.735584 23.773
1712253438.639311 24.160999999999998
1712253445.627985 24.137
1712253452.467276 25.558999999999997
1712253459.429375 23.331999999999997
1712253465.666637 23.417
1712253471.477277 24.084
1712253478.188242 25.823999999999998
1712253485.033252 23.947
1712253491.863302 24.194
1712253498.690686 24.087
1712253505.394719 23.195
1712253512.21343 25.535
1712253519.01368 24.357
1712253525.885987 24.509
1712253532.79503 24.9
1712253539.609028 23.722
1712253546.385607 23.722
1712253553.26838 23.942999999999998
1712253560.080919 24.445
1712253567.000333 24.271
1712253573.905623 23.91
1712253580.706515 28.735
1712253587.587611 23.487000000000002
1712253594.385565 23.79
1712253601.203682 27.227
1712253608.004237 23.84
1712253614.863403 24.506
1712253621.595957 24.23
1712253632.558373 24.189
1712253639.546996 24.455000000000002
1712253646.470869 24.222
1712253653.475409 24.080000000000002
1712253660.447369 24.451
1712253667.373344 25.098
1712253674.288876 23.959
1712253681.174725 24.524
1712253688.139936 24.268
1712253695.080901 28.016
1712253701.92966 27.063
1712253708.882623 24.076
1712253715.587758 24.844
1712253722.356726 23.602999999999998
1712253729.273531 23.286
1712253736.191065 28.156
1712253742.976272 23.901
1712253750.04598 26.448
1712253757.033517 23.972
1712253763.952817 23.673
1712253770.932982 23.803
1712253778.076315 2698.712
1712253787.313507 5709.304999999999
1712253794.102357 5613.187
1712253800.799438 5735.039000000001
1712253807.616528 5966.992
1712253814.673359 5668.6269999999995
1712253821.426986 5882.289
1712253828.392791 5694.661
1712253835.170797 5721.817
1712253841.980596 5708.070000000001
1712253848.78467 5736.194
1712253855.604806 5689.1720000000005
1712253862.375815 3554.818
1712253867.338299 23.560000000000002
1712253874.112038 23.569
1712253880.884623 24.499
1712253887.913104 24.139
1712253894.773169 24.027
1712253901.811164 22.868
1712253908.701696 23.438
1712253915.399458 22.444
1712253922.501465 23.43
1712253929.376296 24.101000000000003
1712253936.395526 24.474
1712253943.545502 23.831000000000003
1712253953.235363 24.631
1712253960.260075 23.470000000000002
1712253967.179344 24.383
1712253974.027759 24.285999999999998
1712253980.943892 23.629
1712253987.967893 24.333000000000002
1712253994.826818 24.543
1712254001.689968 23.852999999999998
1712254008.688928 24.01
1712254015.551553 23.781
1712254022.545993 26.023
1712254027.552227 45.192
1712254034.39755 22.964
1712254041.370384 21.97
1712254048.181119 23.939999999999998
1712254055.08746 24.783
1712254061.981942 23.499
1712254068.830357 23.334
1712254075.683689 23.189999999999998
1712254082.493886 23.589
1712254089.214382 24.547
1712254096.00517 23.324
1712254102.685677 24.424999999999997
1712254113.046641 24.132
1712254120.033941 24.548000000000002
1712254126.943665 32.287000000000006
1712254133.989671 24.009
1712254140.891496 23.752
1712254147.844787 24.052
1712254155.079627 31.041
1712254162.034867 24.424999999999997
1712254169.0513 28.801000000000002
1712254176.144912 183.121
1712254183.289025 5588.896
1712254192.944828 5742.638
1712254199.779013 5661.353
1712254206.520702 5588.704
1712254213.1955 5927.742
1712254220.205036 5622.558
1712254226.912217 5820.236000000001
1712254233.816246 5825.643
1712254240.724895 5770.3369999999995
1712254247.575402 5906.287
1712254254.56361 5775.445000000001
1712254261.420258 4565.644
1712254267.078104 23.768
1712254274.073404 24.051
1712254281.333731 27.151999999999997
1712254288.250091 23.604
1712254295.07199 23.691
1712254301.972611 24.192
1712254308.858975 23.775000000000002
1712254315.762742 24.884
1712254322.750861 24.938
1712254329.547363 23.278
1712254336.475454 23.581999999999997
1712254343.35993 22.928
1712254350.171018 23.014
1712254357.062817 23.997999999999998
1712254363.967445 22.713
1712254370.880608 22.894000000000002
1712254377.731473 23.872
1712254384.760327 23.039
1712254391.549605 22.427
1712254398.349761 24.037
1712254405.26839 24.918
1712254412.049128 23.895
1712254419.034947 3115.34
1712254428.423637 5792.435
1712254435.296869 5749.4529999999995
1712254442.125673 5777.02
1712254448.983656 5860.464999999999
1712254455.927607 5767.929
1712254462.778408 5814.052000000001
1712254469.677664 5749.926
1712254476.510088 5672.893
1712254483.264329 5741.115
1712254490.087321 5751.353
1712254496.921742 5649.452
1712254503.669721 23.574
1712254507.560351 23.454
1712254514.287878 23.106
1712254521.089533 25.232
1712254527.975318 23.970000000000002
1712254534.772921 24.009
1712254541.594086 23.98
1712254548.300733 24.185000000000002
1712254555.071069 24.354
1712254561.913523 24.798000000000002
1712254568.718665 26.148999999999997
1712254575.505719 23.895
1712254582.21474 23.997
1712254593.083536 24.081000000000003
1712254599.957489 24.930999999999997
1712254606.765211 24.142
1712254613.724986 25.156000000000002
1712254620.485645 24.333000000000002
1712254627.525541 24.134
1712254634.142725 23.474999999999998
1712254640.944019 23.053
1712254647.835129 25.103
1712254654.585118 23.77
1712254661.659442 25.07
1712254668.355389 30.346999999999998
1712254675.475079 32.003
1712254682.53557 24.374
1712254689.440671 23.108
1712254696.25827 24.309
1712254703.35128 23.994
1712254710.345941 23.607
1712254717.141985 35.215
1712254724.079999 25.402
1712254731.053944 24.316999999999997
1712254738.040194 24.031
1712254744.525779 25.169
1712254749.285489 23.961
1712254756.200763 25.39
1712254763.015175 24.261000000000003
1712254769.915766 23.782999999999998
1712254776.67602 24.282
1712254783.511548 24.173000000000002
1712254790.464975 22.999
1712254797.166371 22.845000000000002
1712254804.083044 24.125
1712254810.676892 26.121
1712254817.297501 1222.769
1712254825.118721 5661.398
1712254833.033444 5707.286
1712254839.8216 5770.8279999999995
1712254846.682512 5728.317
1712254853.493877 5883.451
1712254860.480092 5820.41
1712254867.385529 5641.7210000000005
1712254874.110782 5671.179999999999
1712254880.873112 5736.522
1712254887.695537 5551.183
1712254894.329033 5650.456
1712254901.095774 5982.799
1712254908.169201 5826.911
1712254915.077649 5742.552
1712254921.900576 5887.85
1712254928.871644 5739.5779999999995
1712254935.695037 5643.5779999999995
1712254942.420532 5854.45
1712254949.376855 5804.541
1712254956.262487 6040.016
1712254963.384547 5892.747
1712254970.363672 5754.911
1712254977.204425 5605.536
1712254983.893523 5939.224
1712254990.919402 5903.047
1712254997.908627 5903.704000000001
1712255004.907139 5820.1140000000005
1712255011.810899 5822.737
1712255018.720155 5795.505
1712255025.597966 5797.531
1712255032.482467 5827.6
1712255039.393402 5813.5289999999995
1712255046.293526 5799.134999999999
1712255053.17537 5753.937
1712255060.013509 4877.268
1712255065.993027 24.241
1712255071.678842 23.383999999999997
1712255078.55602 30.568
1712255085.596883 23.664
1712255092.569652 24.077
1712255099.371337 28.656000000000002
1712255106.300441 24.872999999999998
1712255112.98226 24.424999999999997
1712255119.854151 24.165
1712255126.686724 23.855
1712255133.530514 24.219
1712255140.588013 4628.332
1712255151.191576 5720.2390000000005
1712255157.991619 5776.716
1712255164.869811 5950.006
1712255171.902848 5370.443
1712255178.593093 5818.027
1712255185.491764 5798.198
1712255192.374669 5696.125999999999
1712255199.188096 5807.478
1712255206.077709 5920.669
1712255213.078832 5638.285
1712255219.802734 5026.057
1712255225.925236 23.809
1712255231.932321 23.736
1712255238.791874 23.286
1712255245.685513 56.433
1712255252.540396 29.849
1712255259.713852 22.892
1712255266.586624 25.046
1712255273.38431 25.132
1712255280.262563 26.069
1712255287.10222 29.91
1712255293.999824 22.974999999999998
1712255300.815881 24.624
1712255311.085512 26.699
1712255318.047358 47.948
1712255324.896684 27.577
1712255331.957567 24.653000000000002
1712255338.869265 26.154
1712255345.669248 32.376000000000005
1712255352.741626 24.188000000000002
1712255359.642916 24.715999999999998
1712255366.371387 24.195
1712255373.110879 24.096
1712255379.965967 3900.56
1712255389.903598 5725.547
1712255396.712459 5788.768
1712255403.588554 5703.814
1712255410.397595 5633.074
1712255417.113048 5766.614
1712255423.982818 5623.246
1712255430.711823 5889.849
1712255437.693945 5615.161999999999
1712255444.403185 5738.2390000000005
1712255451.221612 6006.721
1712255458.315431 5783.804
1712255465.181912 5643.884
1712255471.90703 5884.514
1712255478.876927 5765.362
1712255485.727125 5675.852
1712255492.494733 5840.228
1712255499.421553 5893.44
1712255506.401184 5834.162
1712255513.319655 5713.853
1712255520.114877 5976.946
1712255527.175619 5779.366
1712255534.037206 5781.246999999999
1712255540.901758 4702.634
1712255546.689732 23.597
1712255553.071999 23.351
1712255559.973674 23.064999999999998
1712255566.788326 23.765
1712255573.58154 23.088
1712255580.460447 25.554000000000002
1712255587.302432 23.957
1712255594.071923 25.536
1712255601.081862 23.671999999999997
1712255607.971717 25.016000000000002
1712255614.885681 24.084999999999997
1712255621.719676 23.67
1712255632.748188 24.924000000000003
1712255639.734454 23.841
1712255646.585468 24.137999999999998
1712255653.633346 23.951
1712255660.550704 23.573
1712255667.337494 24.500999999999998
1712255674.238919 24.159
1712255681.243954 25.389
1712255688.167072 23.666
1712255695.122847 24.159
1712255702.02458 24.119999999999997
1712255708.871794 24.868000000000002
1712255715.688252 24.937
1712255722.68341 25.372
1712255729.651472 23.41
1712255736.574908 26.088
1712255743.674859 24.871000000000002
1712255750.580935 23.887999999999998
1712255757.677103 23.426
1712255764.649716 23.509
1712255771.457564 35.831
1712255778.347898 2318.127
1712255787.272454 5841.174
1712255794.19395 5736.195000000001
1712255801.012034 5610.733
1712255807.715384 5893.744
1712255814.691035 5889.883
1712255821.66422 5835.0419999999995
1712255828.582553 6015.145
1712255835.683621 5924.871
1712255842.694883 5788.0869999999995
1712255849.565157 5650.126
1712255856.299312 5820.0
1712255863.208277 1842.44
1712255867.782122 24.427
1712255874.519793 25.975
1712255881.385894 24.75
1712255888.201891 23.469
1712255895.073181 24.955000000000002
1712255902.076986 24.247
1712255908.799568 24.032
1712255915.77758 25.041
1712255922.573548 24.317999999999998
1712255929.391738 23.814
1712255936.277743 24.669
1712255943.213742 41.716
1712255949.924981 24.124
1712255956.788333 23.596
1712255963.6859 23.619999999999997
1712255970.471885 23.593
1712255977.563692 25.343
1712255984.60705 23.854
1712255991.397492 23.111
1712255998.275197 28.341
1712256005.173132 24.593
1712256011.905977 45.91
1712256018.798327 25.101
1712256025.770935 29.428
1712256032.494153 25.555
1712256039.413456 23.830000000000002
1712256046.273627 24.676
1712256053.031363 23.757
1712256059.908817 23.254
1712256066.792218 24.221
1712256073.516543 26.405
1712256080.48572 25.546
1712256087.316347 24.483999999999998
1712256094.004068 24.66
1712256100.97986 4674.664
1712256111.565804 5866.572
1712256118.513533 5784.0199999999995
1712256125.398341 5814.431
1712256132.298119 5677.191
1712256139.061535 5727.873
1712256145.87628 5721.822999999999
1712256152.697553 5690.526
1712256159.473297 5818.1050000000005
1712256166.371612 5662.83
1712256173.119519 5768.385
1712256179.97235 5950.724
1712256187.008102 5783.257
1712256193.87565 5987.725
1712256200.981476 5846.433
1712256207.914893 5588.276
1712256214.585567 5704.755999999999
1712256221.377402 5844.661
1712256228.301324 5904.861999999999
1712256235.289846 5819.438
1712256242.195265 5788.139
1712256249.076079 5717.176
1712256255.876316 5804.873
1712256262.771908 3219.433
1712256267.721866 23.866
1712256274.637518 23.618
1712256281.338534 24.46
1712256288.243521 23.498
1712256295.002622 24.059
1712256301.689504 24.843
1712256308.645683 31.196
1712256315.444661 24.651
1712256322.343395 23.727999999999998
1712256329.33768 24.182
1712256336.173352 24.212999999999997
1712256343.238695 24.041
1712256350.23675 24.889000000000003
1712256356.928661 23.598000000000003
1712256364.060375 24.400000000000002
1712256370.981488 23.641
1712256377.784242 24.405
1712256384.847943 24.304
1712256391.759951 28.465
1712256398.586812 24.001
1712256405.638219 23.607
1712256412.674004 24.022000000000002
1712256419.668868 3692.757
1712256429.72337 5773.762
1712256436.579114 5805.141
1712256443.469961 5809.964
1712256450.371839 5671.14
1712256457.180982 5723.76
1712256464.008387 6008.885
1712256471.101075 5684.415999999999
1712256477.874498 5744.197
1712256484.700949 5813.303
1712256491.599081 5781.09
1712256498.46229 5217.795
1712256504.772464 23.915
1712256509.480068 24.262999999999998
1712256516.372635 24.733999999999998
1712256523.392797 23.956000000000003
1712256530.263806 24.407999999999998
1712256537.149633 24.217
1712256544.153531 23.747999999999998
1712256551.073628 24.284
1712256557.966247 24.656000000000002
1712256564.966877 25.128
1712256571.845563 23.934
1712256578.676121 24.385
1712256585.688082 23.352999999999998
1712256592.639025 24.905
1712256599.663793 23.664
1712256606.565914 23.851
1712256613.435511 24.104
1712256620.445578 22.874
1712256627.385657 23.808
1712256634.161079 25.136
1712256640.964975 23.919
1712256648.069152 24.667
1712256655.141152 23.652
1712256662.235781 5609.555
1712256673.51478 5786.551
1712256680.383717 5850.218
1712256687.316621 5803.062
1712256694.204263 5877.144
1712256701.164659 5730.888
1712256707.979226 5762.106
1712256714.821482 6057.008
1712256721.967824 5731.28
1712256728.785506 5808.29
1712256735.676054 5854.66
1712256742.612109 4074.134
1712256747.875826 23.526
1712256754.878395 30.682000000000002
1712256762.361871 24.782
1712256769.636704 23.685000000000002
1712256776.659352 24.820999999999998
1712256783.383659 24.976000000000003
1712256790.356224 24.926000000000002
1712256797.329485 23.844
1712256804.138043 23.645
1712256811.083752 23.52
1712256817.947856 23.552
1712256824.387375 23.461
1712256828.41565 23.829
1712256835.27737 24.137
1712256842.178716 23.147000000000002
1712256848.875621 23.712
1712256855.764468 23.613
1712256862.779752 23.826
1712256869.373337 24.822
1712256876.316464 39.622
1712256883.223957 23.049
1712256889.983127 23.842
1712256896.865749 317.05699999999996
1712256903.988125 5630.946
1712256913.373519 5806.293000000001
1712256920.262995 5880.623
1712256927.224708 5861.693
1712256934.173292 5619.041
1712256940.904609 5811.956999999999
1712256947.800412 5830.250999999999
1712256954.710743 5528.414
1712256961.325628 5769.816
1712256968.181493 5807.252
1712256975.070758 5816.482
1712256981.974253 4745.5470000000005
1712256987.823498 23.799
1712256994.73565 24.573999999999998
1712257001.683088 24.762
1712257008.592027 24.660999999999998
1712257015.533855 25.641000000000002
1712257022.547557 26.892
1712257029.388545 24.246
1712257036.264196 23.273
1712257043.343087 24.192
1712257050.288277 24.081000000000003
1712257057.235697 23.735
1712257064.179963 23.990000000000002
1712257071.272574 27.975
1712257078.153664 23.782
1712257084.934182 23.323
1712257091.964899 31.822999999999997
1712257098.951275 42.577999999999996
1712257105.888196 23.702
1712257112.780871 24.505
1712257119.757243 24.152
1712257126.680135 24.049
1712257133.753681 23.801
1712257140.661241 4363.8279999999995
1712257151.125563 5758.874
1712257157.966393 5651.293
1712257164.70191 5791.117
1712257171.574887 5815.9130000000005
1712257178.47372 5810.570000000001
1712257185.370941 5940.85
1712257192.395482 5887.767
1712257199.387318 5826.116
1712257206.29659 5833.62
1712257213.21586 5818.900000000001
1712257220.117826 5053.408
1712257226.26269 23.255000000000003
1712257232.199607 24.206
1712257239.113511 24.398
1712257245.992511 24.871000000000002
1712257252.724016 37.461
1712257259.625102 33.54
1712257266.879243 42.461
1712257273.637845 24.461
1712257280.683569 24.502
1712257287.582721 23.962
1712257294.382862 38.212
1712257301.291703 22.9
1712257308.162097 26.013
1712257314.989143 24.488
1712257321.801632 24.22
1712257328.79147 24.625
1712257335.585945 23.168999999999997
1712257342.392851 30.608
1712257349.231629 24.625999999999998
1712257356.006936 23.659
1712257362.872489 46.038999999999994
1712257369.706994 23.913
1712257376.485099 26.466
1712257383.508708 23.874
1712257390.305576 23.401000000000003
1712257396.899388 23.751
1712257403.883232 23.57
1712257410.910802 23.778000000000002
1712257417.888531 23.775000000000002
1712257424.81484 24.282999999999998
1712257431.793237 23.951
1712257438.673129 23.463
1712257445.57301 24.188000000000002
1712257452.504639 24.278000000000002
1712257459.191572 23.219
1712257465.969579 23.711
1712257472.922777 24.433
1712257479.817818 23.373
1712257486.784174 23.564
1712257493.814641 23.199
1712257500.70058 37.861
1712257507.723087 25.326999999999998
1712257514.59752 37.79
1712257521.581763 25.892
1712257528.57092 23.755
1712257535.503796 24.899
1712257542.409894 24.677999999999997
1712257549.205169 23.893
1712257555.99508 23.632
1712257562.782678 24.820999999999998
1712257569.679795 23.846
1712257576.683235 24.192
1712257583.50324 25.13
1712257590.406318 23.647000000000002
1712257597.480854 23.842
1712257604.271616 23.809
1712257611.19397 33.182
1712257618.019548 24.358
1712257626.276948 23.897000000000002
1712257633.740637 24.431
1712257640.634341 23.8
1712257647.741364 32.187
1712257654.453543 23.296999999999997
1712257661.268003 24.708000000000002
1712257668.242974 25.065
1712257675.130217 23.95
1712257682.263614 24.347
1712257689.283416 23.289
1712257696.238822 24.304
1712257703.07886 23.409
1712257710.047391 24.887
1712257716.937743 27.241
1712257723.754242 24.098000000000003
1712257730.660378 24.307
1712257737.603221 23.48
1712257744.553226 23.744999999999997
1712257751.389597 27.044999999999998
1712257758.253948 24.927
1712257765.356555 23.749
1712257772.05333 24.154
1712257778.954757 23.720000000000002
1712257785.383592 23.656
1712257789.919323 24.017
1712257796.7845 25.361
1712257803.565457 24.051
1712257810.401737 23.366999999999997
1712257817.417951 32.488
1712257824.297827 24.163
1712257831.171696 24.026
1712257837.980277 24.007
1712257844.701145 23.954
1712257851.604385 23.247
1712257858.472133 2057.5009999999997
1712257867.000814 5764.7919999999995
1712257874.0627 5730.6359999999995
1712257880.87187 5861.104
1712257887.81457 5866.6179999999995
1712257894.7681 5710.073
1712257901.561626 6036.518
1712257908.680028 6046.877
1712257915.810373 5795.862999999999
1712257922.689686 5900.0380000000005
1712257929.678958 5897.179
1712257936.661148 5817.9400000000005
1712257943.561528 5823.764999999999
1712257950.470546 5864.917
1712257957.420053 5775.629999999999
1712257964.278411 5950.061
1712257971.307951 5872.167
1712257978.260888 5664.388
1712257985.013652 5919.152
1712257992.01548 5765.82
1712257998.862481 5743.456
1712258005.689566 5697.12
1712258012.47747 5655.123
1712258019.213834 5204.657
1712258025.515974 22.936
1712258030.662007 23.841
1712258037.679788 24.727
1712258044.67128 24.273
1712258051.630035 24.944999999999997
1712258058.463313 23.449
1712258065.364322 24.414
1712258072.228349 31.77
1712258078.983323 27.168000000000003
1712258086.032156 23.246
1712258092.980468 36.344
1712258099.995546 3649.1380000000004
1712258109.878685 5745.152
1712258116.778569 5849.567
1712258123.715118 5750.357
1712258131.581632 5738.964
1712258138.410969 5690.229
1712258145.187939 5911.871999999999
1712258152.180406 5724.432
1712258158.99015 5796.151
1712258165.871356 5836.005
1712258172.790935 5736.974
1712258179.612891 5803.775
1712258186.495946 5507.030000000001
1712258193.082351 5712.371
1712258199.874407 5829.844999999999
1712258206.785643 5990.536999999999
1712258213.862804 5847.635
1712258220.790862 5882.366
1712258227.760652 5845.308
1712258234.701496 5823.878
1712258241.610607 5782.006
1712258248.476072 5850.021
1712258255.406535 5927.093
1712258262.415918 4823.402
1712258268.324873 33.266
1712258275.09582 24.778000000000002
1712258281.82364 25.65
1712258288.572435 23.545
1712258295.419499 23.381
1712258302.300291 26.424
1712258309.082551 25.191000000000003
1712258316.103739 24.435
1712258322.975023 28.605999999999998
1712258329.77931 23.548
1712258336.577495 24.244000000000003
1712258343.467755 5592.433
1712258353.60175 5733.114
1712258360.420278 5873.84
1712258367.376092 5845.898
1712258374.300356 5697.307000000001
1712258381.07893 5804.081
1712258387.965477 5717.661
1712258394.76957 5637.406999999999
1712258401.488444 5896.285
1712258408.464551 5915.742
1712258415.465246 5722.372
1712258422.277409 4627.504
1712258427.988794 24.688000000000002
1712258434.858055 24.757
1712258442.066216 24.259
1712258449.157781 23.345000000000002
1712258456.045066 26.186
1712258462.979873 23.562
1712258469.857813 26.588
1712258476.670107 24.921
1712258483.688908 24.587999999999997
1712258490.652094 24.113
1712258497.43753 25.052
1712258504.198749 23.303
1712258511.359098 24.653000000000002
1712258518.230352 24.206
1712258525.059463 23.826
1712258531.987716 22.971999999999998
1712258538.762747 23.798
1712258545.675262 24.507
1712258552.725159 28.156
1712258559.829484 28.875
1712258566.775183 23.708
1712258573.471464 30.526
1712258580.487525 24.307
1712258587.326652 24.954
1712258594.606021 22.987000000000002
1712258601.656156 23.8
1712258608.576341 23.851
1712258615.541285 24.078
1712258622.565402 24.412
1712258629.679853 25.927
1712258636.627536 25.535
1712258643.586791 23.482
1712258650.552264 25.093
1712258657.634747 24.062
1712258664.475464 24.572
1712258671.155173 24.577
1712258678.047543 24.025000000000002
1712258684.955019 30.821
1712258691.955076 23.255000000000003
1712258698.935275 23.316
1712258706.164788 24.087999999999997
1712258712.874374 23.599999999999998
1712258719.646311 25.212
1712258726.635028 24.657
1712258733.466727 25.275
1712258740.173351 29.727
1712258747.088579 23.473000000000003
1712258754.156793 24.045
1712258761.043325 36.922999999999995
1712258767.79691 37.248000000000005
1712258774.780605 24.372
1712258781.573611 25.875
1712258788.472725 24.684
1712258795.340957 23.122
1712258802.239213 25.284000000000002
1712258809.328171 24.075
1712258816.280602 23.695
1712258823.091974 23.237000000000002
1712258828.283668 23.612000000000002
1712258834.917149 48.879
1712258841.842984 23.921000000000003
1712258848.575476 23.485
1712258855.312924 24.857
1712258862.10539 23.811
1712258868.871665 23.227
1712258875.666384 23.593
1712258882.398254 23.975
1712258889.383419 24.407999999999998
1712258896.07727 33.041000000000004
1712258903.003915 27.671
1712258909.803888 25.209
1712258916.595882 25.322
1712258923.618687 23.259999999999998
1712258930.394714 36.271
1712258937.255657 24.157
1712258944.116453 24.982
1712258951.219013 23.664
1712258958.081623 23.654
1712258965.063918 24.127
1712258971.990865 24.387
1712258978.815825 2255.443
1712258987.528324 5858.7699999999995
1712258994.46895 5627.056
1712259001.192962 5689.005
1712259007.967045 5761.693
1712259014.811296 5912.967
1712259021.818396 5817.973
1712259028.71761 5714.928
1712259035.566192 5821.912
1712259042.471072 5545.624
1712259049.100177 5634.59
1712259055.989391 5806.892000000001
1712259062.878357 4305.17
1712259068.269407 24.809
1712259075.118027 23.283
1712259082.06703 23.904
1712259088.705821 28.259
1712259095.693523 24.499
1712259102.616789 24.581
1712259109.304265 23.952
1712259116.179888 24.66
1712259123.308433 25.713
1712259130.101664 24.016
1712259136.963719 24.091
1712259143.783584 5773.173
1712259153.985287 5636.75
1712259160.719981 5692.9980000000005
1712259167.4992 5999.353
1712259174.583861 5743.863
1712259181.415209 5882.469
1712259188.385899 5793.322
1712259195.263698 5867.0109999999995
1712259202.220526 5805.784
1712259209.113537 5896.759
1712259216.094563 5685.606
1712259222.891754 5984.715999999999
1712259229.964421 5841.583
1712259236.899402 5857.267
1712259243.913457 5878.75
1712259250.881797 6004.249
1712259257.973504 5716.197
1712259264.778988 5865.259
1712259271.730149 5976.2339999999995
1712259278.792808 5765.277
1712259285.676942 5914.871
1712259292.685556 5982.249000000001
1712259299.79648 5237.312
1712259306.117505 24.625999999999998
1712259311.418786 25.641000000000002
1712259318.273602 23.999
1712259325.068222 24.904
1712259331.829397 23.466
1712259338.72396 23.721
1712259345.516637 24.117
1712259352.306649 23.519000000000002
1712259359.180256 23.813000000000002
1712259366.005665 24.219
1712259372.928345 24.331
1712259379.928012 24.683
1712259388.783729 23.560000000000002
1712259395.646806 26.477
1712259402.657427 23.421
1712259409.623935 26.564
1712259416.482292 29.5
1712259423.399888 24.435
1712259430.355201 23.988
1712259437.342036 24.241
1712259444.235039 27.951
1712259451.143671 24.715999999999998
1712259458.061167 1366.5510000000002
1712259465.998401 5579.356
1712259474.006942 5803.246
1712259480.892726 5915.334
1712259487.891706 5808.32
1712259494.780632 5853.496
1712259501.72242 5863.579
1712259508.67163 5653.876
1712259515.41441 5900.929999999999
1712259522.407676 5784.87
1712259529.284656 5818.954
1712259536.187733 5904.138
1712259543.181497 5824.78
1712259550.096203 5938.733
1712259557.118794 5765.6939999999995
1712259563.969696 5769.465
1712259570.825618 5749.097
1712259577.664096 5766.541
1712259584.527851 5984.526
1712259591.60467 5607.455
1712259598.295285 5712.815
1712259605.096846 5826.503
1712259612.004599 5757.038
1712259618.872645 5784.943
1712259625.747072 5682.540999999999
1712259632.525519 5668.808
1712259639.288823 5834.893
1712259646.214183 5804.1140000000005
1712259653.104396 5737.491
1712259659.924578 6074.093000000001
1712259667.086109 5838.593000000001
1712259674.01127 5770.505
1712259680.871555 5837.742
1712259687.795487 5813.946
1712259694.697033 5592.157
1712259701.394875 5791.148
1712259708.270841 6044.554
1712259715.400333 5599.066
1712259722.079576 5746.598
1712259728.909878 5894.748
1712259735.918619 5623.935
1712259742.883563 5743.546
1712259750.514757 5849.643999999999
1712259757.467538 5855.987
1712259764.405783 5818.634999999999
1712259771.30514 5735.702
1712259778.126828 5675.911
1712259784.892885 23.551
1712259789.161573 23.246
1712259795.974908 23.688000000000002
1712259802.871562 24.409
1712259809.827087 48.443
1712259816.765111 23.957
1712259823.533536 23.958
1712259830.429518 24.909
1712259837.26796 23.791
1712259844.150673 253.26900000000003
1712259851.264016 29.124000000000002
1712259858.193725 24.806
1712259865.148493 24.207
1712259871.865161 23.393
1712259878.779455 46.212
1712259886.109578 31.113
1712259893.132965 23.275000000000002
1712259900.076725 23.727999999999998
1712259906.881053 23.959
1712259913.761169 315.141
1712259921.049148 24.035
1712259928.049955 24.65
1712259935.065907 25.465999999999998
1712259941.869176 25.939
1712259948.835824 24.621000000000002
1712259955.748963 23.997
1712259962.760188 24.159
1712259969.645554 23.109
1712259976.428135 24.525000000000002
1712259983.426988 24.541
1712259990.425893 24.813000000000002
1712259997.380503 36.322
1712260004.348054 23.515
1712260011.3492 23.767
1712260018.341668 23.033
1712260025.068988 23.171
1712260029.075846 24.201
1712260035.868519 23.895
1712260042.78268 23.661
1712260049.435878 24.834
1712260056.398749 23.852
1712260063.271599 23.869
1712260069.995675 23.428
1712260076.767015 24.401
1712260083.492084 23.292
1712260090.167375 24.715999999999998
1712260096.992704 24.525000000000002
1712260103.68732 24.355
1712260113.970933 24.518
1712260120.750068 24.572
1712260127.928292 216.59900000000002
1712260135.104358 24.098000000000003
1712260142.181516 24.383
1712260149.076987 24.061
1712260156.060809 40.803
1712260162.877344 25.772
1712260169.641279 24.79
1712260176.548592 23.979
1712260183.477591 24.047
1712260190.372658 23.345000000000002
1712260197.25011 25.641000000000002
1712260204.18412 24.026
1712260210.971828 24.358
1712260218.257005 24.188000000000002
1712260225.059396 24.903000000000002
1712260231.935601 178.15300000000002
1712260239.965034 23.891
1712260246.886656 299.68600000000004
1712260254.095789 22.883
1712260260.844872 4093.2250000000004
1712260270.998333 5699.4490000000005
1712260277.7812 5527.685
1712260284.421252 5764.791
1712260291.273571 5679.637
1712260298.578559 5622.709000000001
1712260305.291159 5833.313999999999
1712260312.365672 5776.224
1712260319.514679 5673.504999999999
1712260326.285894 5600.218
1712260332.972452 5832.996999999999
1712260339.893351 5784.038
1712260346.9911 5902.215
1712260353.979089 5856.223
1712260360.916913 5819.221
1712260367.819779 5791.400000000001
1712260374.696841 5736.671
1712260381.514689 5711.014999999999
1712260388.32049 5996.499
1712260395.399775 5885.251
1712260402.367169 5731.402
1712260409.188157 5939.908
1712260416.216421 5869.236
1712260423.172564 4058.2000000000003
1712260428.492021 23.217000000000002
1712260435.275566 36.613
1712260442.070893 26.467000000000002
1712260449.034452 23.885
1712260455.863129 24.0
1712260462.586953 24.209999999999997
1712260469.561826 24.272
1712260476.444849 24.125
1712260483.233572 24.947
1712260490.329641 23.398
1712260496.966147 41.446999999999996
1712260503.743496 5794.65
1712260514.296804 5723.103
1712260521.101813 5686.1759999999995
1712260527.876546 5682.945
1712260534.641573 5753.399
1712260541.475502 5603.619
1712260548.164039 5869.492
1712260555.114484 5761.904
1712260561.9651 5748.731000000001
1712260573.864407 5727.568
1712260580.710334 5977.843
1712260587.774342 5759.6759999999995
1712260594.619275 5765.584
1712260601.476078 41.069
1712260602.599354 5920.175
1712260609.601169 5631.356000000001
1712260616.319487 5759.389999999999
1712260623.170947 5758.499
1712260630.024063 5717.096
1712260636.834898 5686.531
1712260643.606944 6010.025
1712260650.702507 5875.243
1712260657.696356 5627.334
1712260664.407662 1004.8170000000001
1712260668.56574 24.083000000000002
1712260675.630484 25.18
1712260682.555974 23.982
1712260689.461528 25.39
1712260696.351501 23.161
1712260703.369612 31.49
1712260710.25631 23.709
1712260717.055063 24.523
1712260723.883926 23.596
1712260730.874794 27.129
1712260737.779406 814.0509999999999
1712260745.416139 5040.931
1712260753.69667 5892.348
1712260760.684144 5922.364
1712260767.689704 5700.609
1712260774.484986 5840.839
1712260781.409041 5827.853
1712260788.326191 5783.705999999999
1712260795.207227 5915.598
1712260802.207912 6317.4039999999995
1712260809.612767 5562.829
1712260816.262714 5832.717
1712260823.181061 4239.0160000000005
1712260828.620629 27.761
1712260835.520953 23.667
1712260842.527214 27.698
1712260849.780945 23.406
1712260856.507209 27.514
1712260863.49993 23.632
1712260870.414568 26.624
1712260877.30973 28.762
1712260884.278744 32.004999999999995
1712260891.037897 29.606
1712260897.973608 24.974
1712260904.906799 25.499000000000002
1712260911.876405 25.871000000000002
1712260918.622891 23.375
1712260925.565905 25.047
1712260932.427181 23.256
1712260939.10006 25.915
1712260945.699279 24.573
1712260952.593817 23.566
1712260959.464131 24.154
1712260966.40353 24.177
1712260973.329558 25.781
1712260980.032205 23.648
1712260986.867418 23.594
1712260993.631781 24.119
1712261000.49536 23.625
1712261007.401238 25.548000000000002
1712261014.306966 23.852999999999998
1712261021.169063 26.009
1712261028.200182 22.471
1712261035.093546 24.504
1712261041.885544 24.259
1712261048.66578 25.688
1712261055.399114 24.269
1712261062.222184 23.951
1712261072.76965 24.378
1712261079.760018 23.994
1712261086.586903 26.247
1712261093.527181 24.095
1712261100.343368 23.535
1712261107.237832 25.163
1712261114.131251 24.055
1712261120.872608 24.122
1712261127.783753 24.046000000000003
1712261134.748616 56.035000000000004
1712261141.602816 24.069
1712261148.674399 23.913
1712261155.632022 23.941
1712261162.554379 26.248
1712261169.539617 24.733999999999998
1712261176.37298 62.022
1712261183.310525 23.779
1712261190.359237 24.238
1712261197.343623 24.0
1712261204.256197 23.892
1712261211.152089 23.84
1712261218.038251 40.943
1712261224.98366 24.061
1712261232.134487 24.319
1712261238.947703 24.072
1712261245.965486 23.432000000000002
1712261252.875528 23.535
1712261259.93911 24.528000000000002
1712261266.871808 24.198999999999998
1712261274.187598 25.163
1712261281.051 25.112
1712261287.861491 24.733999999999998
1712261294.734575 24.273
1712261301.537787 28.191999999999997
1712261307.252033 23.421999999999997
1712261313.663715 24.883
1712261320.563531 23.629
1712261327.377716 25.415
1712261334.099423 24.741
1712261340.911182 25.649
1712261347.710317 24.122999999999998
1712261354.420182 24.264
1712261361.291726 26.294999999999998
1712261368.1745 24.23
1712261374.97777 24.592
1712261381.775171 23.05
